INFERNAL1/a [1.1.4 | Dec 2020]
NAME     U6
ACC      RF00026
DESC     U6 spliceosomal RNA
STATES   316
NODES    101
CLEN     104
W        449
ALPH     RNA
RF       no
CONS     yes
MAP      yes
DATE     Thu Feb 20 18:10:52 2014
COM      [1] /nfs/production/xfam/rfam/software/bin/cmbuild -F CM SEED
COM      [2] /nfs/production/xfam/rfam/software/bin/cmcalibrate --mpi CM
PBEGIN   0.05
PEND     0.05
WBETA    1e-07
QDBBETA1 1e-07
QDBBETA2 1e-15
N2OMEGA  1.52588e-05
N3OMEGA  1.52588e-05
ELSELF   -0.08926734
NSEQ     188
EFFN     3.766541
CKSUM    83121944
NULL     0.000  0.000  0.000  0.000 
GA       44.00
TC       44.00
NC       43.90
EFP7GF   -8.5761 0.71824
ECMLC    0.63627    -8.19760     0.77009     1600000      360748  0.003326
ECMGC    0.38174   -15.30144    -4.75094     1600000       22449  0.017818
ECMLI    0.66804    -5.60435     2.50025     1600000      269485  0.004453
ECMGI    0.40083   -10.75173    -0.70869     1600000       22404  0.017854
CM
                                             [ ROOT    0 ]      -      - - - - -
     S     0    -1 0     1     4     1     1   449   900  -7.429  -8.675  -0.056  -5.066                 
    IL     1     1 2     1     4    18    58   450   901  -2.817  -4.319  -0.613  -2.698                  0.000  0.000  0.000  0.000 
    IR     2     2 3     2     3    19    59   451   902  -1.925  -0.554  -4.164                          0.000  0.000  0.000  0.000 
                                             [ MATR    1 ]      -    215 - U - -
    MR     3     2 3     5     3    19    59   450   901  -8.892  -0.013  -7.209                         -1.003 -1.217 -1.874  1.484 
     D     4     2 3     5     3    14    54   447   898  -6.411  -1.527  -0.641                         
    IR     5     5 3     5     3    18    58   450   901  -1.925  -0.554  -4.164                          0.000  0.000  0.000  0.000 
                                             [ MATR    2 ]      -    214 - U - -
    MR     6     5 3     8     3    18    58   449   900  -8.894  -0.013  -7.211                         -0.722 -1.336 -1.626  1.419 
     D     7     5 3     8     3    13    53   446   897  -6.390  -1.568  -0.620                         
    IR     8     8 3     8     3    17    57   449   900  -1.925  -0.554  -4.164                          0.000  0.000  0.000  0.000 
                                             [ MATR    3 ]      -    213 - U - -
    MR     9     8 3    11     3    17    57   448   899  -8.894  -0.013  -7.211                         -1.214 -1.125 -1.783  1.496 
     D    10     8 3    11     3    12    52   445   896  -6.390  -1.568  -0.620                         
    IR    11    11 3    11     3    16    56   448   899  -1.925  -0.554  -4.164                          0.000  0.000  0.000  0.000 
                                             [ MATR    4 ]      -    212 - U - -
    MR    12    11 3    14     3    17    56   447   898  -8.894  -0.049  -4.997                         -0.838 -1.199 -1.582  1.417 
     D    13    11 3    14     3    11    51   444   895  -6.390  -1.568  -0.620                         
    IR    14    14 3    14     3    16    56   447   898  -1.925  -0.554  -4.164                          0.000  0.000  0.000  0.000 
                                             [ MATR    5 ]      -    211 - U - -
    MR    15    14 3    17     3    17    56   446   897  -8.858  -0.013  -7.175                         -1.102 -0.923 -1.716  1.434 
     D    16    14 3    17     3    10    50   443   894  -6.766  -1.897  -0.469                         
    IR    17    17 3    17     3    15    55   446   897  -1.925  -0.554  -4.164                          0.000  0.000  0.000  0.000 
                                             [ MATR    6 ]      -    210 - a - -
    MR    18    17 3    20     3    16    55   445   896  -8.859  -0.013  -7.177                          0.663 -1.010 -0.480  0.267 
     D    19    17 3    20     3    10    50   442   893  -6.753  -1.931  -0.457                         
    IR    20    20 3    20     3    15    54   445   896  -1.925  -0.554  -4.164                          0.000  0.000  0.000  0.000 
                                             [ MATR    7 ]      -    209 - u - -
    MR    21    20 3    23     3    15    54   444   895  -8.859  -0.013  -7.177                          0.196 -0.108 -0.859  0.460 
     D    22    20 3    23     3     9    49   441   892  -6.753  -1.931  -0.457                         
    IR    23    23 3    23     3    14    53   444   895  -1.925  -0.554  -4.164                          0.000  0.000  0.000  0.000 
                                             [ MATR    8 ]      -    208 - a - -
    MR    24    23 3    26     3    14    53   443   894  -8.859  -0.013  -7.177                          0.877 -0.147 -1.221 -0.266 
     D    25    23 3    26     3     9    48   440   891  -6.753  -1.199  -0.849                         
    IR    26    26 3    26     3    13    52   443   894  -1.925  -0.554  -4.164                          0.000  0.000  0.000  0.000 
                                             [ MATR    9 ]      -    207 - c - -
    MR    27    26 3    29     3    14    52   442   893  -8.886  -0.013  -7.204                         -0.038  0.624 -0.963 -0.042 
     D    28    26 3    29     3     8    47   439   890  -6.478  -1.408  -0.708                         
    IR    29    29 3    29     3    12    51   442   893  -1.925  -0.554  -4.164                          0.000  0.000  0.000  0.000 
                                             [ MATR   10 ]      -    206 - c - -
    MR    30    29 3    32     3    13    51   441   892  -8.894  -0.013  -7.211                          0.267  0.363 -0.649 -0.195 
     D    31    29 3    32     3     7    46   438   889  -6.390  -1.568  -0.620                         
    IR    32    32 3    32     3    12    51   441   892  -1.925  -0.554  -4.164                          0.000  0.000  0.000  0.000 
                                             [ MATR   11 ]      -    205 - a - -
    MR    33    32 3    35     3    12    50   440   891  -8.894  -0.013  -7.211                          0.524 -0.509 -0.750  0.339 
     D    34    32 3    35     3     6    45   437   888  -6.390  -1.568  -0.620                         
    IR    35    35 3    35     3    11    50   440   891  -1.925  -0.554  -4.164                          0.000  0.000  0.000  0.000 
                                             [ MATR   12 ]      -    204 - u - -
    MR    36    35 3    38     3    12    49   439   890  -8.894  -0.013  -7.211                         -0.173  0.007 -0.840  0.632 
     D    37    35 3    38     3     5    44   436   887  -6.390  -1.568  -0.620                         
    IR    38    38 3    38     3    10    49   439   890  -1.925  -0.554  -4.164                          0.000  0.000  0.000  0.000 
                                             [ MATR   13 ]      -    203 - g - -
    MR    39    38 3    41     3    11    48   438   889  -3.892  -0.118  -6.456                          0.256 -1.093  0.374  0.058 
     D    40    38 3    41     3     5    43   435   886  -6.390  -1.568  -0.620                         
    IR    41    41 3    41     3    11    49   440   891  -0.451  -1.976  -6.126                          0.000  0.000  0.000  0.000 
                                             [ MATR   14 ]      -    190 - u - -
    MR    42    41 3    44     3    10    48   437   888  -8.887  -0.013  -7.205                          0.135 -0.038 -0.937  0.491 
     D    43    41 3    44     3     4    42   434   885  -6.469  -1.647  -0.579                         
    IR    44    44 3    44     3     9    47   437   888  -1.925  -0.554  -4.164                          0.000  0.000  0.000  0.000 
                                             [ MATR   15 ]      -    189 - a - -
    MR    45    44 3    47     3    10    47   436   887  -8.887  -0.013  -7.205                          0.913 -1.540  0.327 -0.946 
     D    46    44 3    47     3     4    42   433   884  -6.469  -1.647  -0.579                         
    IR    47    47 3    47     3     8    46   436   887  -1.925  -0.554  -4.164                          0.000  0.000  0.000  0.000 
                                             [ MATR   16 ]      -    188 - g - -
    MR    48    47 3    50     3     9    46   435   886  -8.887  -0.013  -7.205                          0.404 -1.404  0.815 -0.889 
     D    49    47 3    50     3     4    41   432   883  -6.469  -1.647  -0.579                         
    IR    50    50 3    50     3     7    45   435   886  -1.925  -0.554  -4.164                          0.000  0.000  0.000  0.000 
                                             [ MATR   17 ]      -    187 - A - -
    MR    51    50 3    53     3     8    45   434   885  -8.887  -0.013  -7.205                          1.702 -2.360 -2.003 -1.729 
     D    52    50 3    53     3     3    40   431   882  -6.469  -1.647  -0.579                         
    IR    53    53 3    53     3     7    44   434   885  -1.925  -0.554  -4.164                          0.000  0.000  0.000  0.000 
                                             [ MATR   18 ]      -    186 - G - -
    MR    54    53 3    56     3     8    44   433   884  -8.887  -0.013  -7.205                         -1.071 -2.458  1.592 -1.611 
     D    55    53 3    56     3     2    39   430   881  -6.469  -1.647  -0.579                         
    IR    56    56 3    56     3     6    43   433   884  -1.925  -0.554  -4.164                          0.000  0.000  0.000  0.000 
                                             [ MATR   19 ]      -    185 - A - -
    MR    57    56 3    59     3     7    43   432   883  -8.887  -0.013  -7.205                          1.172 -1.127 -1.250 -0.203 
     D    58    56 3    59     3     2    38   429   880  -6.469  -1.424  -0.699                         
    IR    59    59 3    59     3     6    42   432   883  -1.925  -0.554  -4.164                          0.000  0.000  0.000  0.000 
                                             [ MATR   20 ]      -    184 - g - -
    MR    60    59 3    62     3     7    42   431   882  -8.894  -0.013  -7.211                          0.338 -1.243  0.775 -0.731 
     D    61    59 3    62     3     1    37   428   879  -6.390  -1.568  -0.620                         
    IR    62    62 3    62     3     5    42   431   882  -1.925  -0.554  -4.164                          0.000  0.000  0.000  0.000 
                                             [ MATR   21 ]      -    183 - a - -
    MR    63    62 3    65     3     6    41   430   881  -1.662  -0.562  -7.211                          0.355  0.210 -1.168  0.163 
     D    64    62 3    65     3     1    36   427   878  -6.390  -1.568  -0.620                         
    IR    65    65 3    65     3     5    41   430   880  -2.807  -0.259  -5.541                          0.000  0.000  0.000  0.000 
                                             [ MATR   22 ]      -    179 - u - -
    MR    66    65 3    68     3     6    40   428   879  -8.894  -0.013  -7.211                          0.014 -0.071 -1.190  0.678 
     D    67    65 3    68     3     0    35   426   877  -6.390  -1.568  -0.620                         
    IR    68    68 3    68     3     4    40   429   880  -1.925  -0.554  -4.164                          0.000  0.000  0.000  0.000 
                                             [ MATR   23 ]      -    178 - a - -
    MR    69    68 3    71     3     5    39   427   878  -8.894  -0.022  -6.245                          0.596 -0.392 -0.762  0.185 
     D    70    68 3    71     3     0    35   425   876  -6.390  -1.568  -0.620                         
    IR    71    71 3    71     3     4    39   428   879  -1.925  -0.554  -4.164                          0.000  0.000  0.000  0.000 
                                             [ MATR   24 ]      -    177 - a - -
    MR    72    71 3    74     3     5    39   426   877  -8.884  -0.013  -7.202                          0.831 -0.548 -0.980  0.044 
     D    73    71 3    74     3     0    34   424   875  -6.498  -1.376  -0.728                         
    IR    74    74 3    74     3     3    38   427   878  -1.925  -0.554  -4.164                          0.000  0.000  0.000  0.000 
                                             [ MATR   25 ]      -    176 - u - -
    MR    75    74 3    77     3     4    38   425   876  -8.894  -0.013  -7.211                          0.252 -0.415 -0.617  0.493 
     D    76    74 3    77     3     0    33   423   874  -6.390  -1.568  -0.620                         
    IR    77    77 3    77     3     2    37   426   877  -1.925  -0.554  -4.164                          0.000  0.000  0.000  0.000 
                                             [ MATR   26 ]      -    175 - a - -
    MR    78    77 3    80     3     4    37   424   875  -8.894  -0.013  -7.211                          0.460 -0.522 -0.547  0.314 
     D    79    77 3    80     3     0    32   422   873  -6.390  -1.568  -0.620                         
    IR    80    80 3    80     3     2    36   425   876  -1.925  -0.554  -4.164                          0.000  0.000  0.000  0.000 
                                             [ MATR   27 ]      -    174 - u - -
    MR    81    80 3    83     3     3    36   423   874  -8.894  -0.013  -7.211                         -0.112  0.269 -0.613  0.282 
     D    82    80 3    83     3     0    31   421   872  -6.390  -1.568  -0.620                         
    IR    83    83 3    83     3     2    35   424   875  -1.925  -0.554  -4.164                          0.000  0.000  0.000  0.000 
                                             [ MATR   28 ]      -    173 - g - -
    MR    84    83 3    86     3     3    35   423   873  -8.894  -0.013  -7.211                          0.089 -0.779  0.433  0.005 
     D    85    83 3    86     3     0    30   420   871  -6.390  -1.568  -0.620                         
    IR    86    86 3    86     3     1    34   423   874  -1.925  -0.554  -4.164                          0.000  0.000  0.000  0.000 
                                             [ MATR   29 ]      -    172 - C - -
    MR    87    86 3    89     3     2    34   422   872  -8.894  -0.013  -7.211                         -1.024  1.192 -1.651 -0.145 
     D    88    86 3    89     3     0    29   419   870  -6.390  -1.568  -0.620                         
    IR    89    89 3    89     3     1    33   422   873  -1.925  -0.554  -4.164                          0.000  0.000  0.000  0.000 
                                             [ MATR   30 ]      -    171 - A - -
    MR    90    89 3    92     3     2    33   421   871  -8.894  -0.019  -6.516                          1.224 -0.782 -1.113 -0.689 
     D    91    89 3    92     3     0    28   418   869  -6.390  -1.568  -0.620                         
    IR    92    92 3    92     3     1    33   421   872  -1.925  -0.554  -4.164                          0.000  0.000  0.000  0.000 
                                             [ MATR   31 ]      -    170 - C - -
    MR    93    92 3    95     3     2    32   420   871  -8.887  -0.013  -7.205                         -0.505  1.116 -1.690 -0.290 
     D    94    92 3    95     3     0    27   417   868  -6.461  -1.437  -0.691                         
    IR    95    95 3    95     3     1    32   420   871  -1.925  -0.554  -4.164                          0.000  0.000  0.000  0.000 
                                             [ MATR   32 ]      -    169 - A - -
    MR    96    95 3    98     3     1    31   419   870  -8.894  -0.013  -7.211                          1.502 -1.801 -1.152 -1.212 
     D    97    95 3    98     3     0    26   416   867  -6.390  -1.568  -0.620                         
    IR    98    98 3    98     3     1    31   419   870  -1.925  -0.554  -4.164                          0.000  0.000  0.000  0.000 
                                             [ MATR   33 ]      -    168 - G - -
    MR    99    98 3   101     3     1    31   418   869  -8.894  -0.015  -6.925                         -2.503 -3.953  1.872 -3.338 
     D   100    98 3   101     3     0    26   415   866  -6.390  -1.568  -0.620                         
    IR   101   101 3   101     3     1    30   418   869  -1.925  -0.554  -4.164                          0.000  0.000  0.000  0.000 
                                             [ MATR   34 ]      -    167 - U - -
    MR   102   101 3   104     3     1    30   417   868  -8.891  -0.013  -7.209                         -1.318 -1.216 -2.244  1.564 
     D   103   101 3   104     3     0    25   414   865  -6.416  -1.593  -0.606                         
    IR   104   104 3   104     3     1    29   417   868  -1.925  -0.554  -4.164                          0.000  0.000  0.000  0.000 
                                             [ MATR   35 ]      -    166 - A - -
    MR   105   104 3   107     3     1    29   416   867  -8.891  -0.013  -7.209                          1.613 -1.450 -2.008 -1.619 
     D   106   104 3   107     3     0    24   413   864  -6.416  -1.593  -0.606                         
    IR   107   107 3   107     3     1    28   416   867  -1.925  -0.554  -4.164                          0.000  0.000  0.000  0.000 
                                             [ MATR   36 ]      -    165 - G - -
    MR   108   107 3   110     3     1    28   415   866  -8.891  -0.038  -5.380                         -1.619 -2.872  1.724 -2.091 
     D   109   107 3   110     3     0    23   412   863  -6.416  -1.593  -0.606                         
    IR   110   110 3   110     3     1    27   415   866  -1.925  -0.554  -4.164                          0.000  0.000  0.000  0.000 
                                             [ MATR   37 ]      -    164 - G - -
    MR   111   110 3   113     3     1    27   414   865  -3.177  -0.180  -7.184                         -1.818 -3.457  1.803 -2.883 
     D   112   110 3   113     3     0    22   411   862  -6.685  -1.788  -0.513                         
    IR   113   113 3   113     3     1    27   414   865  -2.515  -0.344  -4.753                          0.000  0.000  0.000  0.000 
                                             [ MATR   38 ]      -    162 - A - -
    MR   114   113 3   116     3     1    26   413   864  -8.868  -0.013  -7.186                          1.875 -3.460 -2.991 -3.114 
     D   115   113 3   116     3     0    21   410   861  -6.663  -1.146  -0.893                         
    IR   116   116 3   116     3     1    26   413   864  -1.925  -0.554  -4.164                          0.000  0.000  0.000  0.000 
                                             [ MATR   39 ]      -    161 - A - -
    MR   117   116 3   119     3     1    25   412   863  -8.894  -0.013  -7.211                          1.440 -1.676 -1.658 -0.607 
     D   118   116 3   119     3     0    20   409   860  -6.390  -1.568  -0.620                         
    IR   119   119 3   119     3     1    25   412   863  -1.925  -0.554  -4.164                          0.000  0.000  0.000  0.000 
                                             [ MATR   40 ]      -    160 - C - -
    MR   120   119 3   122     3     1    25   411   862  -8.894  -0.013  -7.211                         -1.460  1.218 -2.344  0.154 
     D   121   119 3   122     3     0    19   408   859  -6.390  -1.568  -0.620                         
    IR   122   122 3   122     3     1    24   411   862  -1.925  -0.554  -4.164                          0.000  0.000  0.000  0.000 
                                             [ MATR   41 ]      -    159 - a - -
    MR   123   122 3   125     3     1    24   410   861  -8.894  -0.013  -7.211                          0.881 -1.837  0.535 -1.218 
     D   124   122 3   125     3     0    19   407   858  -6.390  -1.568  -0.620                         
    IR   125   125 3   125     3     1    23   410   861  -1.925  -0.554  -4.164                          0.000  0.000  0.000  0.000 
                                             [ MATR   42 ]      -    158 - C - -
    MR   126   125 3   128     3     1    23   409   860  -8.894  -0.013  -7.211                         -1.839  1.588 -2.463 -0.907 
     D   127   125 3   128     3     0    18   406   857  -6.390  -1.568  -0.620                         
    IR   128   128 3   128     3     1    22   409   860  -1.925  -0.554  -4.164                          0.000  0.000  0.000  0.000 
                                             [ MATR   43 ]      -    157 - G - -
    MR   129   128 3   131     3     1    22   408   859  -8.894  -0.013  -7.211                         -1.981 -3.219  1.806 -2.819 
     D   130   128 3   131     3     0    17   405   856  -6.390  -1.568  -0.620                         
    IR   131   131 3   131     3     1    21   408   859  -1.925  -0.554  -4.164                          0.000  0.000  0.000  0.000 
                                             [ MATR   44 ]      -    156 - U - -
    MR   132   131 3   134     3     1    21   407   858  -8.894  -0.013  -7.211                         -2.569 -2.386 -3.340  1.824 
     D   133   131 3   134     3     0    16   404   855  -6.390  -1.568  -0.620                         
    IR   134   134 3   134     3     1    20   407   858  -1.925  -0.554  -4.164                          0.000  0.000  0.000  0.000 
                                             [ MATR   45 ]      -    155 - C - -
    MR   135   134 3   137     3     1    20   406   857  -8.894  -0.013  -7.211                         -2.193  1.711 -3.126 -1.351 
     D   136   134 3   137     3     0    15   403   854  -6.390  -1.568  -0.620                         
    IR   137   137 3   137     3     1    19   406   857  -1.925  -0.554  -4.164                          0.000  0.000  0.000  0.000 
                                             [ MATR   46 ]      -    154 - C - -
    MR   138   137 3   140     3     1    19   405   856  -8.894  -0.013  -7.211                         -2.689  1.781 -3.513 -1.638 
     D   139   137 3   140     3     0    14   402   853  -6.390  -1.568  -0.620                         
    IR   140   140 3   140     3     1    19   405   856  -1.925  -0.554  -4.164                          0.000  0.000  0.000  0.000 
                                             [ MATR   47 ]      -    153 - C - -
    MR   141   140 3   143     3     1    18   404   855  -6.491  -0.026  -7.211                         -2.057  1.736 -3.161 -1.653 
     D   142   140 3   143     3     0    13   401   852  -6.390  -1.568  -0.620                         
    IR   143   143 3   143     3     1    18   404   855  -1.986  -0.527  -4.224                          0.000  0.000  0.000  0.000 
                                             [ MATR   48 ]      -    151 - C - -
    MR   144   143 3   146     3     1    17   403   854  -8.894  -0.013  -7.211                         -2.081  1.607 -2.956 -0.767 
     D   145   143 3   146     3     0    13   400   851  -6.390  -1.568  -0.620                         
    IR   146   146 3   146     3     1    17   403   854  -1.925  -0.554  -4.164                          0.000  0.000  0.000  0.000 
                                             [ MATR   49 ]      -    150 - G - -
    MR   147   146 3   149     3     1    16   402   853  -8.894  -0.047  -5.067                         -0.679 -1.428  1.237 -0.629 
     D   148   146 3   149     3     0    12   398   849  -6.390  -1.568  -0.620                         
    IR   149   149 3   149     3     1    16   402   853  -1.925  -0.554  -4.164                          0.000  0.000  0.000  0.000 
                                             [ MATR   50 ]      -    149 - G - -
    MR   150   149 3   152     3     1    16   401   852  -8.860  -0.020  -6.418                         -0.721 -1.693  1.220 -0.405 
     D   151   149 3   152     3     0    11   397   848  -6.745  -1.053  -0.975                         
    IR   152   152 3   152     3     1    15   401   852  -1.925  -0.554  -4.164                          0.000  0.000  0.000  0.000 
                                             [ MATR   51 ]      -    148 - U - -
    MR   153   152 3   155     3     1    15   400   851  -8.887  -0.013  -7.204                         -0.793 -1.015 -1.110  1.301 
     D   154   152 3   155     3     0     9   394   845  -6.469  -1.423  -0.699                         
    IR   155   155 3   155     3     1    14   400   851  -1.925  -0.554  -4.164                          0.000  0.000  0.000  0.000 
                                             [ MATR   52 ]      -    147 - A - -
    MR   156   155 3   158     3     1    14   399   850  -8.894  -0.013  -7.211                          1.879 -3.510 -3.037 -3.169 
     D   157   155 3   158     3     0     8   390   841  -6.390  -1.568  -0.620                         
    IR   158   158 3   158     3     1    13   399   850  -1.925  -0.554  -4.164                          0.000  0.000  0.000  0.000 
                                             [ MATR   53 ]      -    146 - C - -
    MR   159   158 3   161     3     1    14   398   849  -8.894  -0.013  -7.211                         -2.547  1.783 -3.112 -1.884 
     D   160   158 3   161     3     0     7   385   836  -6.390  -1.568  -0.620                         
    IR   161   161 3   161     3     1    12   397   848  -1.925  -0.554  -4.164                          0.000  0.000  0.000  0.000 
                                             [ MATR   54 ]      -    145 - G - -
    MR   162   161 3   164     3     1    13   397   848  -8.894  -0.013  -7.211                         -2.404 -3.488  1.850 -3.091 
     D   163   161 3   164     3     0     6   374   825  -6.390  -1.568  -0.620                         
    IR   164   164 3   164     3     1    12   396   847  -1.925  -0.554  -4.164                          0.000  0.000  0.000  0.000 
                                             [ MATR   55 ]      -    144 - A - -
    MR   165   164 3   167     3     1    12   396   847  -2.882  -0.229  -6.500                          1.789 -2.791 -2.368 -2.287 
     D   166   164 3   167     3     0     5   336   787  -6.390  -1.568  -0.620                         
    IR   167   167 3   167     3     1    16   444   895  -0.059  -4.703  -9.261                          0.000  0.000  0.000  0.000 
                                             [ MATR   56 ]      -     86 - U - -
    MR   168   167 3   170     3     1    11    95   151  -8.887  -0.013  -7.205                         -0.934 -0.739 -1.149  1.279 
     D   169   167 3   170     3     0     5    93   149  -6.463  -1.434  -0.693                         
    IR   170   170 3   170     3     1    10    95   151  -1.925  -0.554  -4.164                          0.000  0.000  0.000  0.000 
                                             [ MATR   57 ]      -     85 - U - -
    MR   171   170 3   173     3     1    10    94   150  -8.894  -0.013  -7.211                         -2.431 -2.196 -3.194  1.802 
     D   172   170 3   173     3     0     4    92   148  -6.390  -1.568  -0.620                         
    IR   173   173 3   173     3     1     9    94   150  -1.925  -0.554  -4.164                          0.000  0.000  0.000  0.000 
                                             [ MATR   58 ]      -     84 - A - -
    MR   174   173 3   176     3     1     9    93   149  -8.894  -0.013  -7.211                          1.835 -3.083 -2.764 -2.573 
     D   175   173 3   176     3     0     4    91   147  -6.390  -1.568  -0.620                         
    IR   176   176 3   176     3     1     8    93   149  -1.925  -0.554  -4.164                          0.000  0.000  0.000  0.000 
                                             [ MATR   59 ]      -     83 - G - -
    MR   177   176 3   179     3     1     9    92   148  -8.894  -0.013  -7.211                         -1.984 -3.599  1.824 -3.018 
     D   178   176 3   179     3     0     3    90   146  -6.390  -1.568  -0.620                         
    IR   179   179 3   179     3     1     7    92   148  -1.925  -0.554  -4.164                          0.000  0.000  0.000  0.000 
                                             [ MATR   60 ]      -     82 - A - -
    MR   180   179 3   182     3     1     8    91   147  -8.894  -0.020  -6.451                          1.523 -1.757 -1.743 -0.913 
     D   181   179 3   182     3     0     3    89   145  -6.390  -1.568  -0.620                         
    IR   182   182 3   182     3     1     6    91   147  -1.925  -0.554  -4.164                          0.000  0.000  0.000  0.000 
                                             [ MATR   61 ]      -     81 - A - -
    MR   183   182 3   185     3     1     7    90   146  -8.887  -0.013  -7.204                          1.878 -3.497 -3.025 -3.154 
     D   184   182 3   185     3     0     2    88   144  -6.469  -1.647  -0.579                         
    IR   185   185 3   185     3     1     6    90   146  -1.925  -0.554  -4.164                          0.000  0.000  0.000  0.000 
                                             [ MATR   62 ]      -     80 - G - -
    MR   186   185 3   188     3     1     7    89   145  -8.887  -0.013  -7.204                         -2.217 -3.477  1.837 -3.022 
     D   187   185 3   188     3     0     1    87   143  -6.469  -1.647  -0.579                         
    IR   188   188 3   188     3     1     5    89   145  -1.925  -0.554  -4.164                          0.000  0.000  0.000  0.000 
                                             [ MATR   63 ]      -     79 - A - -
    MR   189   188 3   191     3     1     6    88   144  -8.887  -0.017  -6.723                          1.802 -2.916 -2.288 -2.513 
     D   190   188 3   191     3     0     1    86   142  -6.469  -1.423  -0.699                         
    IR   191   191 3   191     3     1     5    88   144  -1.925  -0.554  -4.164                          0.000  0.000  0.000  0.000 
                                             [ MATR   64 ]      -     78 - G - -
    MR   192   191 3   194     3     1     6    87   143  -8.890  -0.020  -6.431                         -2.242 -3.775  1.850 -3.178 
     D   193   191 3   194     3     0     0    85   141  -6.436  -1.614  -0.596                         
    IR   194   194 3   194     3     1     4    87   143  -1.925  -0.554  -4.164                          0.000  0.000  0.000  0.000 
                                             [ MATR   65 ]      -     77 - A - -
    MR   195   194 3   197     3     1     5    86   142  -8.883  -0.021  -6.328                          1.722 -2.437 -2.119 -1.810 
     D   196   194 3   197     3     0     0    84   140  -6.515  -1.693  -0.557                         
    IR   197   197 3   197     3     1     4    86   142  -1.925  -0.554  -4.164                          0.000  0.000  0.000  0.000 
                                             [ MATR   66 ]      -     76 - C - -
    MR   198   197 3   200     3     1     5    85   141  -3.733  -0.124  -7.192                         -2.145  1.724 -2.878 -1.579 
     D   199   197 3   200     3     0     0    83   139  -6.602  -1.780  -0.518                         
    IR   200   200 3   200     3     1     4    86   142  -1.412  -0.757  -4.953                          0.000  0.000  0.000  0.000 
                                             [ MATR   67 ]      -     71 - A - -
    MR   201   200 3   203     3     1     4    84   140  -8.875  -0.016  -6.770                          1.797 -2.817 -2.578 -2.214 
     D   202   200 3   203     3     0     0    82   137  -6.602  -1.780  -0.518                         
    IR   203   203 3   203     3     1     3    84   140  -1.925  -0.554  -4.164                          0.000  0.000  0.000  0.000 
                                             [ MATR   68 ]      -     70 - U - -
    MR   204   203 3   206     3     1     4    83   139  -8.871  -0.017  -6.704                         -0.821 -0.995 -1.784  1.401 
     D   205   203 3   206     3     0     0    81   137  -6.636  -1.814  -0.503                         
    IR   206   206 3   206     3     1     2    83   139  -1.925  -0.554  -4.164                          0.000  0.000  0.000  0.000 
                                             [ MATR   69 ]      -     69 - A - -
    MR   207   206 3   209     3     1     4    82   138  -5.789  -0.036  -7.185                          1.674 -1.981 -2.119 -1.616 
     D   208   206 3   209     3     0     0    80   136  -6.675  -1.720  -0.542                         
    IR   209   209 3   209     3     1     2    82   138  -2.029  -0.508  -4.267                          0.000  0.000  0.000  0.000 
                                             [ MATR   70 ]      -     67 - g - -
    MR   210   209 3   212     3     1     3    81   137  -8.871  -0.013  -7.189                          0.128 -1.079  0.636 -0.185 
     D   211   209 3   212     3     0     0    79   135  -6.636  -1.814  -0.503                         
    IR   212   212 3   212     3     1     1    81   137  -1.925  -0.554  -4.164                          0.000  0.000  0.000  0.000 
                                             [ MATR   71 ]      -     66 - C - -
    MR   213   212 3   215     3     1     3    80   136  -8.871  -0.013  -7.189                         -0.417  1.133 -1.878 -0.348 
     D   214   212 3   215     3     0     0    78   134  -6.636  -1.814  -0.503                         
    IR   215   215 3   215     3     1     1    80   136  -1.925  -0.554  -4.164                          0.000  0.000  0.000  0.000 
                                             [ MATR   72 ]      -     65 - A - -
    MR   216   215 3   218     3     1     3    79   135  -8.871  -0.013  -7.189                          1.733 -2.479 -2.342 -1.736 
     D   217   215 3   218     3     0     0    77   133  -6.636  -1.814  -0.503                         
    IR   218   218 3   218     3     1     1    79   135  -1.925  -0.554  -4.164                          0.000  0.000  0.000  0.000 
                                             [ MATR   73 ]      -     64 - A - -
    MR   219   218 3   221     3     1     2    78   134  -8.871  -0.013  -7.189                          1.683 -1.843 -2.142 -1.815 
     D   220   218 3   221     3     0     0    76   132  -6.636  -1.550  -0.625                         
    IR   221   221 3   221     3     1     1    78   134  -1.925  -0.554  -4.164                          0.000  0.000  0.000  0.000 
                                             [ MATR   74 ]      -     63 - g - -
    MR   222   221 3   224     3     1     2    77   133  -8.879  -0.013  -7.197                          0.565 -1.410  0.630 -0.745 
     D   223   221 3   224     3     0     0    75   131  -6.551  -1.499  -0.654                         
    IR   224   224 3   224     3     1     1    77   133  -1.925  -0.554  -4.164                          0.000  0.000  0.000  0.000 
                                             [ MATR   75 ]      -     62 - G - -
    MR   225   224 3   227     3     1     2    76   132  -5.269  -0.048  -7.204                         -1.401 -2.351  1.607 -1.401 
     D   226   224 3   227     3     0     0    74   130  -6.474  -1.652  -0.577                         
    IR   227   227 3   227     3     1     1    76   132  -1.791  -0.590  -4.420                          0.000  0.000  0.000  0.000 
                                             [ MATR   76 ]      -     59 - U - -
    MR   228   227 3   230     3     1     1    75   131  -8.886  -0.027  -5.907                         -1.223 -1.435 -1.631  1.526 
     D   229   227 3   230     3     0     0    73   129  -6.474  -1.652  -0.577                         
    IR   230   230 3   230     3     1     1    75   131  -1.925  -0.554  -4.164                          0.000  0.000  0.000  0.000 
                                             [ MATR   77 ]      -     58 - U - -
    MR   231   230 3   233     3     1     1    74   130  -7.133  -0.020  -7.190                         -1.325 -0.900 -1.907  1.485 
     D   232   230 3   233     3     0     0    72   128  -6.628  -1.805  -0.507                         
    IR   233   233 3   233     3     1     1    74   130  -1.959  -0.539  -4.197                          0.000  0.000  0.000  0.000 
                                             [ MATR   78 ]      -     56 - a - -
    MR   234   233 3   236     3     1     1    73   129  -8.872  -0.013  -7.190                          0.976 -0.691 -1.283  0.004 
     D   235   233 3   236     3     0     0    71   127  -6.628  -1.805  -0.507                         
    IR   236   236 3   236     3     1     1    73   129  -1.925  -0.554  -4.164                          0.000  0.000  0.000  0.000 
                                             [ MATR   79 ]      -     55 - A - -
    MR   237   236 3   239     3     1     1    72   128  -8.872  -0.060  -4.699                          1.462 -1.287 -1.454 -1.087 
     D   238   236 3   239     3     0     0    70   126  -6.628  -1.805  -0.507                         
    IR   239   239 3   239     3     1     1    72   128  -1.925  -0.554  -4.164                          0.000  0.000  0.000  0.000 
                                             [ MATR   80 ]      -     54 - A - -
    MR   240   239 3   242     3     1     1    71   127  -8.826  -0.013  -7.143                          1.353 -1.054 -1.325 -0.826 
     D   241   239 3   242     3     0     0    69   125  -7.028  -1.897  -0.466                         
    IR   242   242 3   242     3     1     1    71   127  -1.925  -0.554  -4.164                          0.000  0.000  0.000  0.000 
                                             [ MATR   81 ]      -     53 - a - -
    MR   243   242 3   245     3     1     1    70   126  -8.836  -0.067  -4.533                          0.697  0.135 -1.097 -0.299 
     D   244   242 3   245     3     0     0    68   124  -6.952  -2.129  -0.390                         
    IR   245   245 3   245     3     1     1    70   126  -1.925  -0.554  -4.164                          0.000  0.000  0.000  0.000 
                                             [ MATR   82 ]      -     52 - U - -
    MR   246   245 3   248     3     1     1    69   125  -5.817  -0.037  -7.100                         -0.664 -0.953 -1.432  1.311 
     D   247   245 3   248     3     0     0    67   123  -7.313  -1.002  -1.016                         
    IR   248   248 3   248     3     1     1    70   126  -1.593  -0.685  -4.431                          0.000  0.000  0.000  0.000 
                                             [ MATR   83 ]      -     48 - g - -
    MR   249   248 3   251     3     1     1    68   124  -8.859  -0.013  -7.177                          0.123 -0.319  0.204 -0.063 
     D   250   248 3   251     3     0     0    66   122  -6.754  -1.234  -0.822                         
    IR   251   251 3   251     3     1     1    68   124  -1.925  -0.554  -4.164                          0.000  0.000  0.000  0.000 
                                             [ MATR   84 ]      -     47 - g - -
    MR   252   251 3   254     3     1     1    67   123  -8.884  -0.015  -6.881                          0.318 -1.059  0.619 -0.438 
     D   253   251 3   254     3     0     0    65   121  -6.497  -1.675  -0.565                         
    IR   254   254 3   254     3     1     1    67   123  -1.925  -0.554  -4.164                          0.000  0.000  0.000  0.000 
                                             [ MATR   85 ]      -     46 - U - -
    MR   255   254 3   257     3     1     1    66   122  -8.882  -0.013  -7.200                         -0.462 -0.304 -1.418  1.063 
     D   256   254 3   257     3     0     0    64   120  -6.524  -1.405  -0.710                         
    IR   257   257 3   257     3     1     1    66   122  -1.925  -0.554  -4.164                          0.000  0.000  0.000  0.000 
                                             [ MATR   86 ]      -     45 - a - -
    MR   258   257 3   260     3     1     1    65   121  -8.891  -0.015  -6.929                          0.503 -0.435 -1.015  0.431 
     D   259   257 3   260     3     0     0    63   119  -6.419  -1.597  -0.604                         
    IR   260   260 3   260     3     1     1    65   121  -1.925  -0.554  -4.164                          0.000  0.000  0.000  0.000 
                                             [ MATR   87 ]      -     44 - U - -
    MR   261   260 3   263     3     1     1    64   120  -8.889  -0.013  -7.207                         -0.584 -0.603 -1.415  1.201 
     D   262   260 3   263     3     0     0    62   118  -6.444  -1.621  -0.592                         
    IR   263   263 3   263     3     1     1    65   120  -1.925  -0.554  -4.164                          0.000  0.000  0.000  0.000 
                                             [ MATR   88 ]      -     43 - a - -
    MR   264   263 3   266     5     1     1    63   119  -5.676  -0.050  -7.413  -7.418  -8.517          0.813 -0.058 -1.032 -0.333 
     D   265   263 3   266     5     0     0    61   117  -5.382  -0.688  -3.009  -4.440  -2.434         
    IR   266   266 3   266     5     1     1    63   119  -2.278  -0.515  -6.050  -4.218  -5.324          0.000  0.000  0.000  0.000 
                                             [ MATP   89 ]      1     40 g c - -
    MP   267   266 3   271     6     2     2    62   118  -9.369  -9.308  -0.018  -8.085  -8.364  -8.759 -2.165 -1.959 -2.443  1.178 -1.455 -3.163  1.181 -2.803 -2.558  2.459 -2.918 -0.038  1.029 -2.304 -0.300 -1.484 
    ML   268   266 3   271     6     1     1    60   116  -6.250  -6.596  -1.310  -1.005  -6.446  -3.975  0.368 -0.385 -0.191  0.094 
    MR   269   266 3   271     6     1     1    60   116  -6.996  -5.725  -1.634  -5.703  -0.822  -3.917  0.354 -0.340 -0.222  0.104 
     D   270   266 3   271     6     0     0    56   112  -9.049  -7.747  -3.544  -4.226  -4.244  -0.319 
    IL   271   271 5   271     6     1     1    61   117  -2.579  -2.842  -0.760  -4.497  -5.274  -4.934  0.000  0.000  0.000  0.000 
    IR   272   272 6   272     5     1     1    61   117  -2.408  -0.496  -5.920  -4.087  -5.193          0.000  0.000  0.000  0.000 
                                             [ MATP   90 ]      2     39 u a - -
    MP   273   272 6   277     6     2     2    60   116  -9.369  -7.260  -0.026  -7.784  -8.364  -8.759 -2.545 -2.596 -2.693  0.993 -1.270 -3.537  1.998 -2.807 -2.715  1.376 -3.267 -0.704  2.004 -2.698 -0.114 -1.633 
    ML   274   272 6   277     6     1     1    58   114  -6.250  -6.596  -1.310  -1.005  -6.446  -3.975  0.368 -0.385 -0.191  0.094 
    MR   275   272 6   277     6     1     1    58   114  -6.996  -5.725  -1.634  -5.703  -0.822  -3.917  0.406 -0.412 -0.185  0.062 
     D   276   272 6   277     6     0     0    54   110  -9.049  -7.747  -3.544  -4.226  -4.244  -0.319 
    IL   277   277 5   277     6     1     1    59   115  -2.579  -2.842  -0.760  -4.497  -5.274  -4.934  0.000  0.000  0.000  0.000 
    IR   278   278 6   278     5     1     1    59   115  -2.459  -0.476  -5.970  -4.137  -5.243          0.000  0.000  0.000  0.000 
                                             [ MATP   91 ]      3     37 c g - -
    MP   279   278 6   283     6     2     2    58   114  -7.050  -5.689  -0.061  -8.083  -8.363  -6.968 -2.348 -1.605 -2.569  1.264 -2.335 -3.401  2.140 -2.756 -2.613  1.449 -3.159 -0.638  1.501 -2.700  0.079 -1.448 
    ML   280   278 6   283     6     1     1    56   112  -6.269  -6.616  -1.282  -1.024  -6.465  -3.995  0.436 -0.433 -0.185  0.038 
    MR   281   278 6   283     6     1     1    56   112  -6.996  -5.725  -1.634  -5.703  -0.822  -3.917  0.354 -0.340 -0.222  0.104 
     D   282   278 6   283     6     0     0    52   108  -9.049  -7.747  -3.544  -4.226  -4.244  -0.319 
    IL   283   283 5   283     6     1     1    58   113  -2.678  -2.348  -0.859  -4.596  -5.372  -5.033  0.000  0.000  0.000  0.000 
    IR   284   284 6   284     5     1     1    57   113  -2.274  -0.494  -6.227  -4.395  -5.501          0.000  0.000  0.000  0.000 
                                             [ MATP   92 ]      5     34 c g - -
    MP   285   284 6   289     6     2     2    56   112  -9.361  -9.300  -0.023  -8.076  -8.356  -7.401 -1.699 -1.796 -1.656  1.411 -1.726 -2.410  1.948 -1.558 -1.955  0.967 -2.279 -0.535  1.522 -1.970 -0.016 -0.967 
    ML   286   284 6   289     6     1     1    55   111  -6.250  -6.596  -1.310  -1.005  -6.446  -3.975  0.368 -0.385 -0.191  0.094 
    MR   287   284 6   289     6     1     1    54   110  -6.996  -5.725  -1.607  -5.703  -0.837  -3.917  0.394 -0.436 -0.104  0.024 
     D   288   284 6   289     6     0     0    51   107  -9.206  -7.904  -3.701  -4.384  -4.401  -0.283 
    IL   289   289 5   289     6     1     1    55   111  -2.579  -2.842  -0.760  -4.497  -5.274  -4.934  0.000  0.000  0.000  0.000 
    IR   290   290 6   290     5     1     1    55   111  -2.408  -0.496  -5.920  -4.087  -5.193          0.000  0.000  0.000  0.000 
                                             [ MATP   93 ]      6     33 c g - -
    MP   291   290 6   295     4     2     2    54   110  -7.526  -7.733  -0.382  -2.170                 -1.719 -2.039 -2.018  1.247 -1.857 -2.291  1.933 -2.206 -2.121  1.208 -2.567 -0.398  1.687 -2.137 -0.030 -1.243 
    ML   292   290 6   295     4     1     1    54   110  -3.758  -3.940  -0.507  -2.670                  0.368 -0.385 -0.191  0.094 
    MR   293   290 6   295     4     1     1    52   108  -4.809  -3.838  -1.706  -0.766                  0.368 -0.385 -0.191  0.094 
     D   294   290 6   295     4     0     0    49   105  -4.802  -4.483  -2.499  -0.430                 
    IL   295   295 5   295     4     1     1    55   111  -1.686  -2.369  -1.117  -4.855                  0.000  0.000  0.000  0.000 
    IR   296   296 6   296     3     1     1    54   110  -1.442  -0.798  -4.142                          0.000  0.000  0.000  0.000 
                                             [ MATL   94 ]      7      - c - - -
    ML   297   296 6   299     3     1     1    53   109  -1.230  -0.824  -6.844                         -0.287  0.456 -0.813  0.310 
     D   298   296 6   299     3     0     0    37    93  -8.144  -0.287  -2.499                         
    IL   299   299 3   299     3     1     1    54   110  -0.475  -1.881  -6.808                          0.000  0.000  0.000  0.000 
                                             [ MATL   95 ]     22      - U - - -
    ML   300   299 3   302     3     1     1    21    41  -8.532  -0.014  -7.186                         -0.107 -0.913 -1.274  1.089 
     D   301   299 3   302     3     0     0    19    39  -6.199  -1.712  -0.554                         
    IL   302   302 3   302     3     1     1    23    43  -1.442  -0.798  -4.142                          0.000  0.000  0.000  0.000 
                                             [ MATL   96 ]     23      - U - - -
    ML   303   302 3   305     3     1     1    20    40  -8.532  -0.014  -7.186                         -0.653 -0.435 -1.246  1.139 
     D   304   302 3   305     3     0     0    18    38  -6.199  -1.712  -0.554                         
    IL   305   305 3   305     3     1     1    22    42  -1.442  -0.798  -4.142                          0.000  0.000  0.000  0.000 
                                             [ MATL   97 ]     24      - C - - -
    ML   306   305 3   308     3     1     1    19    39  -8.532  -0.014  -7.186                         -0.999  1.332 -1.788 -0.530 
     D   307   305 3   308     3     0     0    17    37  -6.199  -1.712  -0.554                         
    IL   308   308 3   308     3     1     1    21    41  -1.442  -0.798  -4.142                          0.000  0.000  0.000  0.000 
                                             [ MATL   98 ]     25      - G - - -
    ML   309   308 3   311     3     1     1    18    38  -3.012  -0.737  -1.857                         -0.615 -1.493  1.257 -0.733 
     D   310   308 3   311     3     0     0    14    34  -6.199  -1.712  -0.554                         
    IL   311   311 3   311     3     1     1    19    39  -1.330  -0.812  -4.943                          0.000  0.000  0.000  0.000 
                                             [ MATL   99 ]     32      - g - - -
    ML   312   311 3   314     2     1     1     1     1       *   0.000                                 -0.134 -0.147  0.270 -0.029 
     D   313   311 3   314     2     0     0     0     0       *   0.000                                 
    IL   314   314 3   314     2     1     1    13    28  -1.823  -0.479                                  0.000  0.000  0.000  0.000 
                                             [ END   100 ]      -      - - - - -
     E   315   314 3    -1     0     0     0     0     0                                                 
//
HMMER3/f [3.3.2 | Nov 2020]
NAME  U6
ACC   RF00026
DESC  U6 spliceosomal RNA
LENG  104
MAXL  820
ALPH  RNA
RF    no
MM    no
CONS  yes
CS    yes
MAP   yes
DATE  Thu Feb 20 18:10:52 2014
COM   [1] /nfs/production/xfam/rfam/software/bin/cmbuild -F CM SEED
COM   [2] /nfs/production/xfam/rfam/software/bin/cmcalibrate --mpi CM
NSEQ  188
EFFN  3.800964
CKSUM 83121944
STATS LOCAL MSV       -9.2632  0.71824
STATS LOCAL VITERBI  -10.2010  0.71824
STATS LOCAL FORWARD   -4.0987  0.71824
HMM          A        C        G        U   
            m->m     m->i     m->d     i->m     i->i     d->m     d->d
  COMPO   1.18697  1.56001  1.48380  1.35500
          1.38629  1.38629  1.38629  1.38629
          0.02529  4.38294  4.38294  1.46634  0.26236  0.00000        *
      1   1.69251  1.71310  0.86250  1.54398      1 g - - <
          1.38629  1.38629  1.38629  1.38629
          0.02529  4.38294  4.38294  1.46634  0.26236  1.09861  0.40547
      2   1.85485  1.24115  1.52989  1.08496      2 u - - <
          1.38629  1.38629  1.38629  1.38629
          0.02529  4.38294  4.38294  1.46634  0.26236  1.09861  0.40547
      3   1.63490  1.19675  1.48018  1.29005      3 c - - <
          1.38629  1.38629  1.38629  1.38629
          0.05122  3.67523  3.70546  0.80087  0.59591  1.09861  0.40547
      4   1.49410  1.23013  1.63803  1.24156      5 c - - <
          1.38629  1.38629  1.38629  1.38629
          0.03355  4.37077  3.89437  1.46634  0.26236  1.37849  0.29030
      5   1.61324  1.26826  1.52973  1.19454      6 u - - <
          1.38629  1.38629  1.38629  1.38629
          0.27498  4.36397  1.47978  1.46634  0.26236  1.52152  0.24639
      6   1.58725  1.06843  1.95102  1.17171      7 c - - _
          1.38629  1.38629  1.38629  1.38629
          0.69634  0.72282  4.12195  1.53722  0.24204  0.10347  2.31978
      7   1.46137  2.02195  2.27172  0.63008     22 U - - _
          1.38629  1.38629  1.38629  1.38629
          0.02531  4.38249  4.38249  1.46634  0.26236  1.13469  0.38790
      8   1.84165  1.68833  2.25199  0.59525     23 U - - _
          1.38629  1.38629  1.38629  1.38629
          0.02531  4.38249  4.38249  1.46634  0.26236  1.13469  0.38790
      9   2.08347  0.46070  2.63007  1.75684     24 C - - _
          1.38629  1.38629  1.38629  1.38629
          0.02531  4.38249  4.38249  1.46634  0.26236  1.13469  0.38790
     10   1.81574  2.42473  0.51284  1.89719     25 G - - _
          1.38629  1.38629  1.38629  1.38629
          0.59480  1.93804  1.18960  0.65073  0.73744  1.13469  0.38790
     11   1.48057  1.48786  1.19775  1.40745     32 g - - _
          1.38629  1.38629  1.38629  1.38629
          0.04549  4.03740  3.61819  1.46634  0.26236  0.12279  2.15807
     12   1.37544  1.67937  1.12478  1.44368     33 g - - >
          1.38629  1.38629  1.38629  1.38629
          0.02579  4.36397  4.36397  1.46634  0.26236  1.04512  0.43332
     13   1.44927  1.78440  1.09438  1.33708     34 g - - >
          1.38629  1.38629  1.38629  1.38629
          0.08171  2.74897  4.23586  0.57355  0.82901  0.70101  0.68535
     14   1.54789  1.57783  1.02701  1.50145     37 g - - >
          1.38629  1.38629  1.38629  1.38629
          0.03620  3.76985  4.38205  0.86902  0.54363  1.01013  0.45283
     15   1.21201  1.67371  1.13140  1.64886     39 g - - >
          1.38629  1.38629  1.38629  1.38629
          0.02527  4.38387  4.38387  1.46634  0.26236  1.09861  0.40547
     16   1.73777  0.97173  1.55151  1.45357     40 c - - >
          1.38629  1.38629  1.38629  1.38629
          0.04666  3.52115  4.13352  0.90394  0.51915  1.09861  0.40547
     17   0.82191  1.42537  2.10360  1.61962     43 a - - :
          1.38629  1.38629  1.38629  1.38629
          0.02536  4.38031  4.38031  1.46634  0.26236  1.18921  0.36307
     18   1.79380  1.80570  2.37055  0.55185     44 U - - :
          1.38629  1.38629  1.38629  1.38629
          0.02536  4.38031  4.38031  1.46634  0.26236  1.06586  0.42225
     19   1.03699  1.68815  2.09155  1.08730     45 a - - :
          1.38629  1.38629  1.38629  1.38629
          0.03279  4.38196  3.92413  1.46634  0.26236  1.14842  0.38146
     20   1.70816  1.59721  2.37267  0.64796     46 U - - :
          1.38629  1.38629  1.38629  1.38629
          0.02551  4.37467  4.37467  1.46634  0.26236  1.17489  0.36940
     21   1.16627  2.12265  0.95539  1.69229     47 g - - :
          1.38629  1.38629  1.38629  1.38629
          0.04602  4.37660  3.42944  1.46634  0.26236  1.27554  0.32751
     22   1.30125  1.60742  1.24365  1.43099     48 g - - :
          1.38629  1.38629  1.38629  1.38629
          0.10660  3.52218  2.63698  1.22973  0.34584  1.64074  0.21547
     23   1.84937  2.05043  2.38261  0.47534     52 U - - :
          1.38629  1.38629  1.38629  1.38629
          0.02762  4.29601  4.29601  1.46634  0.26236  0.85011  0.55751
     24   0.90188  1.29151  2.14897  1.59585     53 a - - :
          1.38629  1.38629  1.38629  1.38629
          0.03462  4.33820  3.86475  1.46634  0.26236  1.88375  0.16490
     25   0.44647  2.11846  2.30874  1.96245     54 A - - :
          1.38629  1.38629  1.38629  1.38629
          0.02668  4.33026  4.33026  1.46634  0.26236  0.62716  0.76380
     26   0.37134  2.28083  2.39861  2.14433     55 A - - :
          1.38629  1.38629  1.38629  1.38629
          0.02571  4.36692  4.36692  1.46634  0.26236  1.46944  0.26144
     27   0.70837  1.86645  2.27880  1.38439     56 a - - :
          1.38629  1.38629  1.38629  1.38629
          0.03155  3.99729  4.36692  1.06810  0.42108  1.46944  0.26144
     28   2.31107  2.01324  2.71344  0.35527     58 U - - :
          1.38629  1.38629  1.38629  1.38629
          0.02571  4.36692  4.36692  1.46634  0.26236  0.83026  0.57259
     29   2.24032  2.38701  2.52089  0.32672     59 U - - :
          1.38629  1.38629  1.38629  1.38629
          0.05357  3.22868  4.37822  0.83048  0.57242  1.23892  0.34206
     30   2.36354  3.02149  0.27071  2.36079     62 G - - :
          1.38629  1.38629  1.38629  1.38629
          0.03106  4.37822  4.01534  1.46634  0.26236  1.23892  0.34206
     31   0.99418  2.36705  0.94784  1.90621     63 g - - :
          1.38629  1.38629  1.38629  1.38629
          0.03218  4.37271  3.96046  1.46634  0.26236  1.35824  0.29721
     32   0.21841  2.66744  2.87824  2.65160     64 A - - :
          1.38629  1.38629  1.38629  1.38629
          0.02573  4.36625  4.36625  1.46634  0.26236  1.48150  0.25786
     33   0.18392  3.11203  3.01801  2.59575     65 A - - :
          1.38629  1.38629  1.38629  1.38629
          0.02573  4.36625  4.36625  1.46634  0.26236  1.48150  0.25786
     34   1.67727  0.59859  2.69417  1.62997     66 C - - :
          1.38629  1.38629  1.38629  1.38629
          0.02573  4.36625  4.36625  1.46634  0.26236  1.48150  0.25786
     35   1.29837  2.13670  0.94342  1.51556     67 g - - :
          1.38629  1.38629  1.38629  1.38629
          0.04773  3.48039  4.14674  0.68693  0.69940  1.48150  0.25786
     36   0.22480  2.76353  2.86169  2.51227     69 A - - :
          1.38629  1.38629  1.38629  1.38629
          0.02581  4.36313  4.36313  1.46634  0.26236  1.31628  0.31215
     37   1.95874  2.07937  2.62841  0.41285     70 U - - :
          1.38629  1.38629  1.38629  1.38629
          0.02573  4.36625  4.36625  1.46634  0.26236  1.29189  0.32124
     38   0.13943  3.34742  3.18181  2.92875     71 A - - :
          1.38629  1.38629  1.38629  1.38629
          0.11480  2.34560  4.36890  0.83890  0.56596  1.43289  0.27262
     39   2.88325  0.18943  3.39017  2.48991     76 C - - :
          1.38629  1.38629  1.38629  1.38629
          0.02566  4.36890  4.36890  1.46634  0.26236  1.02063  0.44686
     40   0.19099  3.08246  2.86193  2.64709     77 A - - :
          1.38629  1.38629  1.38629  1.38629
          0.02549  4.37534  4.37534  1.46634  0.26236  0.94018  0.49521
     41   2.94834  4.01362  0.10294  3.60006     78 G - - :
          1.38629  1.38629  1.38629  1.38629
          0.03083  4.38083  4.02614  1.46634  0.26236  0.95893  0.48338
     42   0.13589  3.41624  2.97915  3.13754     79 A - - :
          1.38629  1.38629  1.38629  1.38629
          0.02541  4.37854  4.37854  1.46634  0.26236  1.23132  0.34518
     43   2.93123  3.80517  0.11212  3.49069     80 G - - :
          1.38629  1.38629  1.38629  1.38629
          0.02541  4.37854  4.37854  1.46634  0.26236  1.23132  0.34518
     44   0.08340  3.82172  3.49355  3.58509     81 A - - :
          1.38629  1.38629  1.38629  1.38629
          0.02541  4.37854  4.37854  1.46634  0.26236  0.87663  0.53817
     45   0.32895  2.60868  2.59982  2.02194     82 A - - :
          1.38629  1.38629  1.38629  1.38629
          0.02527  4.38387  4.38387  1.46634  0.26236  1.09861  0.40547
     46   2.76849  3.89103  0.12072  3.48869     83 G - - :
          1.38629  1.38629  1.38629  1.38629
          0.02527  4.38387  4.38387  1.46634  0.26236  1.09861  0.40547
     47   0.11351  3.53293  3.31160  3.17908     84 A - - :
          1.38629  1.38629  1.38629  1.38629
          0.02527  4.38387  4.38387  1.46634  0.26236  1.09861  0.40547
     48   3.08147  2.91670  3.61049  0.13587     85 U - - :
          1.38629  1.38629  1.38629  1.38629
          0.03029  4.38387  4.05362  1.46634  0.26236  1.09861  0.40547
     49   2.03837  1.90048  2.18457  0.49801     86 U - - :
          1.38629  1.38629  1.38629  1.38629
          0.19530  1.80258  4.37898  3.91615  0.02012  0.89097  0.52807
     50   0.14471  3.32902  3.03507  2.97929    144 A - - :
          1.38629  1.38629  1.38629  1.38629
          0.02527  4.38387  4.38387  1.46634  0.26236  1.09861  0.40547
     51   3.06250  3.81223  0.10305  3.53891    145 G - - :
          1.38629  1.38629  1.38629  1.38629
          0.02527  4.38387  4.38387  1.46634  0.26236  1.09861  0.40547
     52   3.16361  0.14846  3.55198  2.70272    146 C - - :
          1.38629  1.38629  1.38629  1.38629
          0.02527  4.38387  4.38387  1.46634  0.26236  1.09861  0.40547
     53   0.08258  3.83112  3.50222  3.59536    147 A - - :
          1.38629  1.38629  1.38629  1.38629
          0.03073  4.38387  4.02918  1.46634  0.26236  1.09861  0.40547
     54   1.93979  2.09312  2.15765  0.48229    148 U - - :
          1.38629  1.38629  1.38629  1.38629
          0.05281  4.37854  3.24694  1.46634  0.26236  0.87663  0.53817
     55   1.88971  2.56509  0.53869  1.66887    149 G - - :
          1.38629  1.38629  1.38629  1.38629
          0.02596  4.35731  4.35731  1.46634  0.26236  0.49776  0.93621
     56   1.86047  2.37990  0.52663  1.82482    150 G - - :
          1.38629  1.38629  1.38629  1.38629
          0.02527  4.38387  4.38387  1.46634  0.26236  1.09861  0.40547
     57   2.83794  0.27029  3.44485  1.92150    151 C - - :
          1.38629  1.38629  1.38629  1.38629
          0.03583  3.78477  4.38387  0.87879  0.53663  1.09861  0.40547
     58   2.82056  0.18151  3.58767  2.54140    153 C - - :
          1.38629  1.38629  1.38629  1.38629
          0.02527  4.38387  4.38387  1.46634  0.26236  1.09861  0.40547
     59   3.26172  0.15046  3.83238  2.52944    154 C - - :
          1.38629  1.38629  1.38629  1.38629
          0.02527  4.38387  4.38387  1.46634  0.26236  1.09861  0.40547
     60   2.91549  0.19834  3.56266  2.32927    155 C - - :
          1.38629  1.38629  1.38629  1.38629
          0.02527  4.38387  4.38387  1.46634  0.26236  1.09861  0.40547
     61   3.17818  3.04960  3.71280  0.12042    156 U - - :
          1.38629  1.38629  1.38629  1.38629
          0.02527  4.38387  4.38387  1.46634  0.26236  1.09861  0.40547
     62   2.76700  3.62500  0.13308  3.34948    157 G - - :
          1.38629  1.38629  1.38629  1.38629
          0.02527  4.38387  4.38387  1.46634  0.26236  1.09861  0.40547
     63   2.66978  0.28357  3.10050  2.02032    158 C - - :
          1.38629  1.38629  1.38629  1.38629
          0.02527  4.38387  4.38387  1.46634  0.26236  1.09861  0.40547
     64   0.77465  2.66618  1.01385  2.23680    159 a - - :
          1.38629  1.38629  1.38629  1.38629
          0.02527  4.38387  4.38387  1.46634  0.26236  1.09861  0.40547
     65   2.40512  0.53970  3.01889  1.28026    160 C - - :
          1.38629  1.38629  1.38629  1.38629
          0.02527  4.38387  4.38387  1.46634  0.26236  1.09861  0.40547
     66   0.38633  2.55289  2.54078  1.80914    161 A - - :
          1.38629  1.38629  1.38629  1.38629
          0.04554  4.38387  3.44059  1.46634  0.26236  1.09861  0.40547
     67   0.08566  3.79618  3.47002  3.55713    162 A - - :
          1.38629  1.38629  1.38629  1.38629
          0.16296  1.99557  4.23758  0.17774  1.81497  1.51916  0.24705
     68   2.65313  3.79227  0.13528  3.39462    164 G - - :
          1.38629  1.38629  1.38629  1.38629
          0.02583  4.36239  4.36239  1.46634  0.26236  0.60498  0.78984
     69   2.51448  3.38367  0.19017  2.84117    165 G - - :
          1.38629  1.38629  1.38629  1.38629
          0.02531  4.38219  4.38219  1.46634  0.26236  1.14259  0.38418
     70   0.26631  2.39392  2.78515  2.51567    166 A - - :
          1.38629  1.38629  1.38629  1.38629
          0.02531  4.38219  4.38219  1.46634  0.26236  1.14259  0.38418
     71   2.30575  2.23321  2.94880  0.30012    167 U - - :
          1.38629  1.38629  1.38629  1.38629
          0.02531  4.38219  4.38219  1.46634  0.26236  1.01606  0.44944
     72   3.13116  4.13758  0.08782  3.71136    168 G - - :
          1.38629  1.38629  1.38629  1.38629
          0.02527  4.38387  4.38387  1.46634  0.26236  1.09861  0.40547
     73   0.34396  2.63956  2.18719  2.23104    169 A - - :
          1.38629  1.38629  1.38629  1.38629
          0.03015  4.38387  4.06153  1.46634  0.26236  1.09861  0.40547
     74   1.73893  0.61033  2.56247  1.58961    170 C - - :
          1.38629  1.38629  1.38629  1.38629
          0.02539  4.37911  4.37911  1.46634  0.26236  0.89564  0.52483
     75   0.53607  1.92923  2.16104  1.86761    171 A - - :
          1.38629  1.38629  1.38629  1.38629
          0.02527  4.38387  4.38387  1.46634  0.26236  1.09861  0.40547
     76   2.10107  0.55755  2.53469  1.48819    172 C - - :
          1.38629  1.38629  1.38629  1.38629
          0.02527  4.38387  4.38387  1.46634  0.26236  1.09861  0.40547
     77   1.32508  1.92736  1.08477  1.38346    173 g - - :
          1.38629  1.38629  1.38629  1.38629
          0.02527  4.38387  4.38387  1.46634  0.26236  1.09861  0.40547
     78   1.46496  1.19861  1.81173  1.19097    174 u - - :
          1.38629  1.38629  1.38629  1.38629
          0.02527  4.38387  4.38387  1.46634  0.26236  1.09861  0.40547
     79   1.06666  1.74898  1.76567  1.16854    175 a - - :
          1.38629  1.38629  1.38629  1.38629
          0.02527  4.38387  4.38387  1.46634  0.26236  1.09861  0.40547
     80   1.21117  1.67460  1.81464  1.04449    176 u - - :
          1.38629  1.38629  1.38629  1.38629
          0.03279  4.38387  3.92299  1.46634  0.26236  1.09861  0.40547
     81   0.80934  1.76700  2.06761  1.35668    177 a - - :
          1.38629  1.38629  1.38629  1.38629
          0.02546  4.37654  4.37654  1.46634  0.26236  0.81601  0.58374
     82   0.97256  1.65808  1.91555  1.25834    178 a - - :
          1.38629  1.38629  1.38629  1.38629
          0.02527  4.38387  4.38387  1.46634  0.26236  1.09861  0.40547
     83   1.37711  1.43471  2.21349  0.91582    179 u - - :
          1.38629  1.38629  1.38629  1.38629
          0.48044  0.99692  4.38387  0.13051  2.10082  1.09861  0.40547
     84   1.14015  1.23971  2.19848  1.27371    183 a - - :
          1.38629  1.38629  1.38629  1.38629
          0.02527  4.38387  4.38387  1.46634  0.26236  1.09861  0.40547
     85   1.15219  2.25064  0.84713  1.89657    184 g - - :
          1.38629  1.38629  1.38629  1.38629
          0.03069  4.38387  4.03170  1.46634  0.26236  1.09861  0.40547
     86   0.57244  2.17030  2.25630  1.52798    185 A - - :
          1.38629  1.38629  1.38629  1.38629
          0.02541  4.37859  4.37859  1.46634  0.26236  1.23027  0.34561
     87   2.13278  3.09665  0.28129  2.50735    186 G - - :
          1.38629  1.38629  1.38629  1.38629
          0.02541  4.37859  4.37859  1.46634  0.26236  1.23027  0.34561
     88   0.20504  3.02905  2.78030  2.59020    187 A - - :
          1.38629  1.38629  1.38629  1.38629
          0.02541  4.37859  4.37859  1.46634  0.26236  1.23027  0.34561
     89   1.10629  2.36289  0.81950  2.00681    188 g - - :
          1.38629  1.38629  1.38629  1.38629
          0.02541  4.37859  4.37859  1.46634  0.26236  1.23027  0.34561
     90   0.75243  2.45818  1.15837  2.04646    189 a - - :
          1.38629  1.38629  1.38629  1.38629
          0.02541  4.37859  4.37859  1.46634  0.26236  1.23027  0.34561
     91   1.29256  1.41208  2.03730  1.04579    190 u - - :
          1.38629  1.38629  1.38629  1.38629
          0.10487  2.44170  4.37859  2.18562  0.11924  0.87810  0.53712
     92   1.20888  2.14687  1.12560  1.34645    203 g - - :
          1.38629  1.38629  1.38629  1.38629
          0.02527  4.38387  4.38387  1.46634  0.26236  1.09861  0.40547
     93   1.50741  1.38050  1.96924  0.94803    204 u - - :
          1.38629  1.38629  1.38629  1.38629
          0.02527  4.38387  4.38387  1.46634  0.26236  1.09861  0.40547
     94   1.02252  1.73962  1.90723  1.15128    205 a - - :
          1.38629  1.38629  1.38629  1.38629
          0.02527  4.38387  4.38387  1.46634  0.26236  1.09861  0.40547
     95   1.20157  1.13345  1.83675  1.52315    206 c - - :
          1.38629  1.38629  1.38629  1.38629
          0.03138  4.38387  3.99477  1.46634  0.26236  1.09861  0.40547
     96   1.41324  0.95175  2.05511  1.41674    207 c - - :
          1.38629  1.38629  1.38629  1.38629
          0.04725  4.37792  3.39324  1.46634  0.26236  1.24578  0.33928
     97   0.77736  1.48741  2.23603  1.57242    208 a - - :
          1.38629  1.38629  1.38629  1.38629
          0.02598  4.35664  4.35664  1.46634  0.26236  1.63950  0.21577
     98   1.25069  1.46067  1.98302  1.06724    209 u - - :
          1.38629  1.38629  1.38629  1.38629
          0.02598  4.35664  4.35664  1.46634  0.26236  1.63950  0.21577
     99   0.92594  2.08894  1.71920  1.20126    210 a - - :
          1.38629  1.38629  1.38629  1.38629
          0.02707  4.35664  4.27722  1.46634  0.26236  1.63950  0.21577
    100   2.15554  2.02877  2.58066  0.39017    211 U - - :
          1.38629  1.38629  1.38629  1.38629
          0.02601  4.35558  4.35558  1.46634  0.26236  0.48130  0.96227
    101   1.97065  2.22153  2.48711  0.40191    212 U - - :
          1.38629  1.38629  1.38629  1.38629
          0.02527  4.38387  4.38387  1.46634  0.26236  1.09861  0.40547
    102   2.23358  2.17009  2.62726  0.34755    213 U - - :
          1.38629  1.38629  1.38629  1.38629
          0.02527  4.38387  4.38387  1.46634  0.26236  1.09861  0.40547
    103   1.89011  2.31775  2.51782  0.40075    214 U - - :
          1.38629  1.38629  1.38629  1.38629
          0.02531  4.38249  4.38249  1.46634  0.26236  1.09861  0.40547
    104   2.08628  2.23404  2.69085  0.35534    215 U - - :
          1.38629  1.38629  1.38629  1.38629
          0.01273  4.36992        *  1.46634  0.26236  0.00000        *
//
