INFERNAL1/a [1.1.4 | Dec 2020]
NAME     U5
ACC      RF00020
DESC     U5 spliceosomal RNA
STATES   357
NODES    92
CLEN     116
W        290
ALPH     RNA
RF       no
CONS     yes
MAP      yes
DATE     Thu Feb 20 18:09:47 2014
COM      [1] /nfs/production/xfam/rfam/software/bin/cmbuild -F CM SEED
COM      [2] /nfs/production/xfam/rfam/software/bin/cmcalibrate --mpi CM
PBEGIN   0.05
PEND     0.05
WBETA    1e-07
QDBBETA1 1e-07
QDBBETA2 1e-15
N2OMEGA  1.52588e-05
N3OMEGA  1.52588e-05
ELSELF   -0.08926734
NSEQ     180
EFFN     6.517639
CKSUM    2214996571
NULL     0.000  0.000  0.000  0.000 
GA       40.00
TC       40.00
NC       39.90
EFP7GF   -13.4285 0.71820
ECMLC    0.51015    -9.02192     2.80918     1600000      501659  0.002392
ECMGC    0.42032   -13.67552    -4.24192     1600000       21091  0.018965
ECMLI    0.50732    -5.54774     5.57871     1600000      339349  0.003536
ECMGI    0.45082    -9.26204    -0.48911     1600000       20879  0.019158
CM
                                             [ ROOT    0 ]      -      - - - - -
     S     0    -1 0     1     4     1     1   290   504  -8.152  -8.359  -0.023  -6.773                 
    IL     1     1 2     1     4    19    59   292   506  -1.686  -2.369  -1.117  -4.855                  0.000  0.000  0.000  0.000 
    IR     2     2 3     2     3    19    59   292   506  -1.442  -0.798  -4.142                          0.000  0.000  0.000  0.000 
                                             [ MATL    1 ]      1      - a - - -
    ML     3     2 3     5     3    18    58   290   504  -9.108  -0.015  -6.858                          0.656 -0.692 -0.667  0.233 
     D     4     2 3     5     3    16    56   289   503  -6.174  -1.687  -0.566                         
    IL     5     5 3     5     3    18    58   291   505  -1.442  -0.798  -4.142                          0.000  0.000  0.000  0.000 
                                             [ MATL    2 ]      2      - u - - -
    ML     6     5 3     8     2    17    57   289   503  -9.645  -0.002                                 -0.110 -0.207 -0.161  0.392 
     D     7     5 3     8     2    16    56   288   502  -8.453  -0.004                                 
    IL     8     8 3     8     2    17    57   290   504  -1.823  -0.479                                  0.000  0.000  0.000  0.000 
                                             [ BIF     3 ]      -      - - - - -
     B     9     8 3    10   240    16    56   288   502                                                 
                                             [ BEGL    4 ]      -      - - - - -
     S    10     9 1    11     4     0    22   250   464  -0.027  -7.563  -6.970  -7.610                 
                                             [ MATP    5 ]      3    136 c g - -
    MP    11    10 1    15     6     2    22   250   464  -9.690  -9.629  -0.014  -8.406  -8.685  -9.080 -2.263 -2.498 -2.608  1.490 -2.322 -3.445  1.898 -2.602 -2.666  1.781 -2.880 -0.735  1.475 -2.738 -0.262 -1.468 
    ML    12    10 1    15     6     1    18   248   462  -6.250  -6.596  -1.310  -1.005  -6.446  -3.975  0.368 -0.385 -0.191  0.094 
    MR    13    10 1    15     6     1    18   247   461  -6.988  -5.717  -1.625  -5.695  -0.829  -3.908  0.368 -0.385 -0.191  0.094 
     D    14    10 1    15     6     0    14   243   457  -9.049  -7.747  -3.544  -4.226  -4.244  -0.319 
    IL    15    15 5    15     6     1    20   249   463  -2.579  -2.842  -0.760  -4.497  -5.274  -4.934  0.000  0.000  0.000  0.000 
    IR    16    16 6    16     5     1    20   249   463  -2.408  -0.496  -5.920  -4.087  -5.193          0.000  0.000  0.000  0.000 
                                             [ MATP    6 ]      4    135 c g - -
    MP    17    16 6    21     6     2    20   248   462  -9.690  -9.629  -0.014  -8.406  -8.685  -9.080 -3.062 -2.986 -3.181  0.954 -2.769 -4.011  2.306 -2.129 -3.201  1.676 -3.736 -0.201  1.605 -3.314 -0.484 -2.187 
    ML    18    16 6    21     6     1    17   246   460  -6.250  -6.596  -1.310  -1.005  -6.446  -3.975  0.368 -0.385 -0.191  0.094 
    MR    19    16 6    21     6     1    17   245   459  -6.988  -5.717  -1.625  -5.695  -0.829  -3.908  0.368 -0.385 -0.191  0.094 
     D    20    16 6    21     6     0    13   242   456  -9.049  -7.747  -3.544  -4.226  -4.244  -0.319 
    IL    21    21 5    21     6     1    18   247   461  -2.579  -2.842  -0.760  -4.497  -5.274  -4.934  0.000  0.000  0.000  0.000 
    IR    22    22 6    22     5     1    18   247   461  -2.408  -0.496  -5.920  -4.087  -5.193          0.000  0.000  0.000  0.000 
                                             [ MATP    7 ]      5    134 c g - -
    MP    23    22 6    27     6     2    18   246   460  -9.690  -9.629  -0.014  -8.406  -8.685  -9.080 -2.614 -2.682 -2.770  1.421 -2.496 -3.614  2.056 -2.466 -2.804  1.220 -3.359 -0.825  1.953 -2.182 -0.432 -1.793 
    ML    24    22 6    27     6     1    16   244   458  -6.250  -6.596  -1.310  -1.005  -6.446  -3.975  0.368 -0.385 -0.191  0.094 
    MR    25    22 6    27     6     1    15   244   458  -6.988  -5.717  -1.625  -5.695  -0.829  -3.908  0.368 -0.385 -0.191  0.094 
     D    26    22 6    27     6     0    13   241   455  -9.049  -7.747  -3.544  -4.226  -4.244  -0.319 
    IL    27    27 5    27     6     1    17   245   459  -2.579  -2.842  -0.760  -4.497  -5.274  -4.934  0.000  0.000  0.000  0.000 
    IR    28    28 6    28     5     1    17   245   459  -2.408  -0.496  -5.920  -4.087  -5.193          0.000  0.000  0.000  0.000 
                                             [ MATP    8 ]      6    133 c g - -
    MP    29    28 6    33     4     2    16   244   458  -8.152  -1.833  -1.094  -2.016                 -2.744 -2.819 -2.896  0.818 -2.233 -3.743  2.462 -3.005 -1.615  1.232 -3.469 -0.636  1.418 -3.044  0.516 -1.969 
    ML    30    28 6    33     4     1    15   243   457  -3.758  -3.940  -0.507  -2.670                  0.368 -0.385 -0.191  0.094 
    MR    31    28 6    33     4     1    14   242   456  -4.809  -3.838  -1.706  -0.766                  0.368 -0.385 -0.191  0.094 
     D    32    28 6    33     4     0    12   241   455  -4.568  -4.250  -2.265  -0.520                 
    IL    33    33 5    33     4     1    16   244   458  -1.686  -2.369  -1.117  -4.855                  0.000  0.000  0.000  0.000 
    IR    34    34 6    34     3     1    16   244   458  -0.999  -1.078  -5.265                          0.000  0.000  0.000  0.000 
                                             [ MATL    9 ]      7      - u - - -
    ML    35    34 6    37     3     1    15   242   456  -8.713  -0.016  -6.858                         -0.195 -0.727 -0.426  0.830 
     D    36    34 6    37     3     0    11   240   454  -8.735  -0.413  -2.020                         
    IL    37    37 3    37     3     1    14   242   456  -1.442  -0.798  -4.142                          0.000  0.000  0.000  0.000 
                                             [ MATL   10 ]      8      - G - - -
    ML    38    37 3    40     3     1    14   241   455  -9.389  -0.009  -7.707                         -1.147 -2.401  1.615 -1.751 
     D    39    37 3    40     3     0     9   239   453  -6.203  -0.568  -1.681                         
    IL    40    40 3    40     3     1    13   241   455  -1.925  -0.554  -4.164                          0.000  0.000  0.000  0.000 
                                             [ MATR   11 ]      -    125 - a - -
    MR    41    40 3    43     3     1    13   240   454  -9.436  -0.017  -6.607                          0.892 -0.852 -1.224  0.217 
     D    42    40 3    43     3     0     6   237   451  -6.558  -1.610  -0.595                         
    IR    43    43 3    43     3     1    12   240   454  -1.925  -0.554  -4.164                          0.000  0.000  0.000  0.000 
                                             [ MATR   12 ]      -    124 - a - -
    MR    44    43 3    46     3     1    13   239   453  -9.430  -0.009  -7.748                          0.541 -0.484 -0.663  0.262 
     D    45    43 3    46     3     0     5   236   450  -6.643  -1.684  -0.559                         
    IR    46    46 3    46     3     1    11   239   453  -1.925  -0.554  -4.164                          0.000  0.000  0.000  0.000 
                                             [ MATR   13 ]      -    123 - u - -
    MR    47    46 3    49     3     1    12   238   452  -9.433  -0.009  -7.751                          0.285 -0.328 -1.274  0.652 
     D    48    46 3    49     3     0     5   235   449  -6.602  -1.547  -0.627                         
    IR    49    49 3    49     3     1    10   238   452  -1.925  -0.554  -4.164                          0.000  0.000  0.000  0.000 
                                             [ MATR   14 ]      -    122 - u - -
    MR    50    49 3    52     3     1    11   237   451  -9.438  -0.009  -7.756                         -0.022  0.271 -1.317  0.493 
     D    51    49 3    52     3     0     4   234   448  -6.526  -1.704  -0.552                         
    IR    52    52 3    52     3     1     9   237   451  -1.925  -0.554  -4.164                          0.000  0.000  0.000  0.000 
                                             [ MATR   15 ]      -    121 - a - -
    MR    53    52 3    55     3     1    11   236   450  -5.939  -0.036  -6.895                          0.873 -0.672 -0.699 -0.113 
     D    54    52 3    55     3     0     3   233   447  -6.526  -1.704  -0.552                         
    IR    55    55 3    55     3     1     9   236   450  -2.066  -0.493  -4.305                          0.000  0.000  0.000  0.000 
                                             [ MATR   16 ]      -    119 - a - -
    MR    56    55 3    58     5     1    10   235   449  -8.120  -0.054  -7.935  -5.196  -9.039          0.545  0.318 -1.233 -0.203 
     D    57    55 3    58     5     0     2   232   446  -5.480  -0.631  -3.107  -4.538  -2.532         
    IR    58    58 3    58     5     1     6   234   448  -2.408  -0.496  -5.920  -4.087  -5.193          0.000  0.000  0.000  0.000 
                                             [ MATP   17 ]      9    118 g c - -
    MP    59    58 3    63     6     2    12   234   448  -9.668  -9.607  -0.014  -8.383  -8.663  -9.058 -1.765 -2.085 -2.138  1.236 -1.982 -0.585  1.429 -1.873 -2.213  1.926 -2.775 -0.540  1.430 -2.002 -0.275 -1.384 
    ML    60    58 3    63     6     1     4   231   445  -6.250  -6.596  -1.310  -1.005  -6.446  -3.975  0.368 -0.385 -0.191  0.094 
    MR    61    58 3    63     6     1     4   230   444  -7.325  -6.054  -1.963  -6.032  -0.612  -4.246 -0.011  0.391 -0.707  0.116 
     D    62    58 3    63     6     0     0   224   438  -9.049  -7.747  -3.544  -4.226  -4.244  -0.319 
    IL    63    63 5    63     6     1     6   233   447  -2.579  -2.842  -0.760  -4.497  -5.274  -4.934  0.000  0.000  0.000  0.000 
    IR    64    64 6    64     5     1     6   233   446  -2.408  -0.496  -5.920  -4.087  -5.193          0.000  0.000  0.000  0.000 
                                             [ MATP   18 ]     10    117 g c - -
    MP    65    64 6    69     6     2    11   232   446  -9.668  -9.607  -0.022  -6.905  -8.663  -9.058 -2.221 -1.975 -2.386  1.488 -2.122 -3.217  1.295 -1.685 -2.469  2.021 -3.018 -0.271  1.482 -2.506 -0.307 -1.108 
    ML    66    64 6    69     6     1     4   229   443  -6.250  -6.596  -1.310  -1.005  -6.446  -3.975  0.368 -0.385 -0.191  0.094 
    MR    67    64 6    69     6     1     4   229   443  -7.325  -6.054  -1.963  -6.032  -0.612  -4.246  0.897 -0.769 -0.503 -0.243 
     D    68    64 6    69     6     0     0   222   436  -9.049  -7.747  -3.544  -4.226  -4.244  -0.319 
    IL    69    69 5    69     6     1     5   231   445  -2.579  -2.842  -0.760  -4.497  -5.274  -4.934  0.000  0.000  0.000  0.000 
    IR    70    70 6    70     5     1     6   231   445  -2.408  -0.496  -5.920  -4.087  -5.193          0.000  0.000  0.000  0.000 
                                             [ MATP   19 ]     11    116 g c - -
    MP    71    70 6    75     6     2    10   230   444  -4.543  -9.599  -0.076  -8.376  -8.655  -9.050 -1.935  0.122 -1.605  0.952 -2.104 -2.964  1.476 -2.460 -2.193  1.648 -2.757 -0.597  1.638 -1.488  0.012 -1.241 
    ML    72    70 6    75     6     1     3   227   441  -6.394  -6.740  -1.121  -1.149  -6.590  -4.119  0.483 -0.582  0.007 -0.105 
    MR    73    70 6    75     6     1     3   227   441  -7.325  -6.054  -1.105  -6.032  -1.166  -4.246  0.897 -0.769 -0.503 -0.243 
     D    74    70 6    75     6     0     0   220   434  -9.049  -7.747  -3.544  -4.226  -4.244  -0.319 
    IL    75    75 5    75     6     1     6   229   443  -3.257  -3.520  -0.427  -5.175  -5.952  -5.612  0.000  0.000  0.000  0.000 
    IR    76    76 6    76     5     1     5   229   442  -2.408  -0.496  -5.920  -4.087  -5.193          0.000  0.000  0.000  0.000 
                                             [ MATP   20 ]     13    115 c g - -
    MP    77    76 6    81     6     2    10   228   442  -6.328  -9.629  -0.031  -8.406  -8.685  -9.080 -1.946 -2.137 -2.137  1.104 -2.070 -2.484  1.644 -1.256 -2.197  0.905 -2.767 -0.754  1.276 -2.279  1.171  0.552 
    ML    78    76 6    81     6     1     3   225   439  -6.250  -6.596  -1.310  -1.005  -6.446  -3.975  0.368 -0.385 -0.191  0.094 
    MR    79    76 6    81     6     1     3   224   438  -6.988  -5.717  -1.625  -5.695  -0.829  -3.908  0.368 -0.385 -0.191  0.094 
     D    80    76 6    81     6     0     0   218   431  -9.049  -7.747  -3.544  -4.226  -4.244  -0.319 
    IL    81    81 5    81     6     1     5   227   441  -2.800  -3.063  -0.625  -4.718  -5.494  -5.155  0.000  0.000  0.000  0.000 
    IR    82    82 6    82     5     1     5   227   441  -2.408  -0.496  -5.920  -4.087  -5.193          0.000  0.000  0.000  0.000 
                                             [ MATP   21 ]     15    114 c g - -
    MP    83    82 6    87     6     2    10   226   440  -9.690  -5.385  -0.047  -8.406  -8.685  -9.080 -3.676 -3.529 -3.744  1.070 -2.958 -4.578  2.741 -3.536 -3.689  1.097 -4.214 -1.248  1.456 -3.906  0.065 -2.551 
    ML    84    82 6    87     6     1     3   223   437  -6.250  -6.596  -1.310  -1.005  -6.446  -3.975  0.368 -0.385 -0.191  0.094 
    MR    85    82 6    87     6     1     3   223   437  -6.988  -5.717  -1.625  -5.695  -0.829  -3.908  0.368 -0.385 -0.191  0.094 
     D    86    82 6    87     6     0     0   215   429  -9.049  -7.747  -3.544  -4.226  -4.244  -0.319 
    IL    87    87 5    87     6     1     4   225   439  -2.579  -2.842  -0.760  -4.497  -5.274  -4.934  0.000  0.000  0.000  0.000 
    IR    88    88 6    88     5     1     4   224   438  -2.674  -0.720  -6.185  -2.323  -5.459          0.000  0.000  0.000  0.000 
                                             [ MATP   22 ]     16    112 a u - -
    MP    89    88 6    93     6     2     9   224   438  -6.932  -9.599  -0.029  -7.344  -8.656  -9.051 -1.571 -1.886 -1.447  2.012 -2.008 -2.876  1.273 -2.062 -2.096  1.107 -2.388 -0.559  1.585 -2.165  0.045 -1.187 
    ML    90    88 6    93     6     1     2   221   435  -6.250  -6.596  -1.310  -1.005  -6.446  -3.975  0.368 -0.385 -0.191  0.094 
    MR    91    88 6    93     6     1     3   221   435  -7.423  -6.152  -1.000  -6.130  -1.264  -4.343  0.073 -0.008 -0.676  0.409 
     D    92    88 6    93     6     0     0   212   426  -9.049  -7.747  -3.544  -4.226  -4.244  -0.319 
    IL    93    93 5    93     6     1     4   223   437  -2.717  -2.980  -0.672  -4.635  -5.411  -5.072  0.000  0.000  0.000  0.000 
    IR    94    94 6    94     5     1     4   222   436  -2.408  -0.496  -5.920  -4.087  -5.193          0.000  0.000  0.000  0.000 
                                             [ MATP   23 ]     18    111 c g - -
    MP    95    94 6    99     6     2     9   222   436  -9.685  -6.935  -0.024  -8.401  -8.681  -9.076 -1.891 -1.535 -2.081  1.451 -1.666 -2.612  1.777 -2.320 -2.001  1.584 -2.221 -0.116  1.278 -2.217 -0.175 -1.333 
    ML    96    94 6    99     6     1     2   219   432  -6.336  -6.682  -1.192  -1.091  -6.532  -4.061  0.350 -0.543  0.131 -0.083 
    MR    97    94 6    99     6     1     2   217   431  -6.988  -5.717  -1.625  -5.695  -0.829  -3.908  0.368 -0.385 -0.191  0.094 
     D    98    94 6    99     6     0     0   209   423  -9.049  -7.747  -3.544  -4.226  -4.244  -0.319 
    IL    99    99 5    99     6     1     3   221   435  -2.579  -2.842  -0.760  -4.497  -5.274  -4.934  0.000  0.000  0.000  0.000 
    IR   100   100 6   100     5     1     4   221   435  -2.169  -0.543  -6.087  -4.254  -5.360          0.000  0.000  0.000  0.000 
                                             [ MATP   24 ]     19    108 u a - -
    MP   101   100 6   105     6     2     8   220   434  -9.690  -7.405  -0.021  -8.406  -8.685  -9.080 -1.247 -2.014 -1.366  0.967 -1.426 -1.887  1.826 -2.340 -1.740  0.903 -2.639 -0.648  2.006 -2.143 -0.037 -1.263 
    ML   102   100 6   105     6     1     2   216   430  -6.250  -6.596  -1.310  -1.005  -6.446  -3.975  0.368 -0.385 -0.191  0.094 
    MR   103   100 6   105     6     1     2   215   429  -6.988  -5.717  -1.625  -5.695  -0.829  -3.908  0.368 -0.385 -0.191  0.094 
     D   104   100 6   105     6     0     0   205   419  -9.049  -7.747  -3.544  -4.226  -4.244  -0.319 
    IL   105   105 5   105     6     1     3   218   432  -2.579  -2.842  -0.760  -4.497  -5.274  -4.934  0.000  0.000  0.000  0.000 
    IR   106   106 6   106     5     1     3   218   432  -2.467  -0.473  -5.978  -4.146  -5.252          0.000  0.000  0.000  0.000 
                                             [ MATP   25 ]     20    106 a u - -
    MP   107   106 6   111     6     2     6   218   432  -9.690  -9.629  -0.025  -6.580  -8.685  -9.080 -1.885 -2.076 -1.409  1.612 -2.037 -2.928  1.446 -2.406 -1.999  0.999 -2.712 -0.551  1.413 -2.064  1.094 -0.622 
    ML   108   106 6   111     6     1     2   213   427  -6.250  -6.596  -1.310  -1.005  -6.446  -3.975  0.368 -0.385 -0.191  0.094 
    MR   109   106 6   111     6     1     2   211   425  -6.988  -5.717  -1.625  -5.695  -0.829  -3.908  0.368 -0.385 -0.191  0.094 
     D   110   106 6   111     6     0     0   201   415  -9.049  -7.747  -3.544  -4.226  -4.244  -0.319 
    IL   111   111 5   111     6     1     2   216   430  -2.579  -2.842  -0.760  -4.497  -5.274  -4.934  0.000  0.000  0.000  0.000 
    IR   112   112 6   112     5     1     3   216   430  -2.408  -0.496  -5.920  -4.087  -5.193          0.000  0.000  0.000  0.000 
                                             [ MATP   26 ]     21    105 c g - -
    MP   113   112 6   117     6     2     4   216   430  -9.679  -9.618  -0.077  -4.550  -8.674  -7.780 -3.299 -3.305 -2.472  0.771 -2.804 -4.220  2.759 -3.347 -3.391  0.410 -3.922 -1.394  1.072 -3.568  1.283 -1.487 
    ML   114   112 6   117     6     1     2   208   422  -6.451  -6.797  -1.261  -1.009  -6.647  -4.176  0.722 -0.628 -0.339 -0.131 
    MR   115   112 6   117     6     1     1   205   419  -6.988  -5.717  -1.625  -5.695  -0.829  -3.908  0.368 -0.385 -0.191  0.094 
     D   116   112 6   117     6     0     0   195   409  -9.049  -7.747  -3.544  -4.226  -4.244  -0.319 
    IL   117   117 5   117     6     1     2   214   428  -2.579  -2.842  -0.760  -4.497  -5.274  -4.934  0.000  0.000  0.000  0.000 
    IR   118   118 6   118     5     1     2   214   428  -2.408  -0.496  -5.920  -4.087  -5.193          0.000  0.000  0.000  0.000 
                                             [ MATP   27 ]     22    104 a u - -
    MP   119   118 6   123     4     2     2   215   429  -1.613  -4.985  -0.894  -3.271                 -2.666 -2.619 -1.637  2.353 -2.617 -3.635  1.837 -3.015 -2.864  1.161 -3.403 -0.636  0.946 -2.931 -0.194 -1.920 
    ML   120   118 6   123     4     1     1   191   404  -4.471  -4.653  -0.288  -3.383                 -0.158 -0.960  0.799 -0.235 
    MR   121   118 6   123     4     1     1   188   402  -4.809  -3.838  -1.706  -0.766                  0.368 -0.385 -0.191  0.094 
     D   122   118 6   123     4     0     0   188   402  -4.657  -4.338  -2.354  -0.483                 
    IL   123   123 5   123     4     1     5   226   439  -0.124  -7.853  -3.692 -10.338                  0.000  0.000  0.000  0.000 
    IR   124   124 6   124     3     1     2    60    84  -1.108  -1.011  -4.648                          0.000  0.000  0.000  0.000 
                                             [ MATL   28 ]     60      - u - - -
    ML   125   124 6   127     3     1     2    52    71  -8.975  -0.010  -7.629                          0.006 -0.652 -0.613  0.770 
     D   126   124 6   127     3     0     0    51    70  -7.658  -0.861  -1.170                         
    IL   127   127 3   127     3     1     1    55    74  -1.442  -0.798  -4.142                          0.000  0.000  0.000  0.000 
                                             [ MATL   29 ]     61      - a - - -
    ML   128   127 3   130     3     1     2    51    70  -9.068  -0.010  -7.722                          0.833 -0.846 -1.041  0.234 
     D   129   127 3   130     3     0     0    50    69  -6.823  -0.836  -1.215                         
    IL   130   130 3   130     3     1     1    54    73  -1.442  -0.798  -4.142                          0.000  0.000  0.000  0.000 
                                             [ MATL   30 ]     62      - u - - -
    ML   131   130 3   133     3     1     2    50    69  -9.108  -0.009  -7.762                          0.416 -0.605 -0.842  0.537 
     D   132   130 3   133     3     0     0    49    68  -6.174  -1.687  -0.566                         
    IL   133   133 3   133     3     1     1    53    72  -1.442  -0.798  -4.142                          0.000  0.000  0.000  0.000 
                                             [ MATL   31 ]     63      - C - - -
    ML   134   133 3   136     3     1     1    49    68  -5.851  -0.032  -7.762                         -1.242  1.529 -2.629 -0.917 
     D   135   133 3   136     3     0     0    47    66  -6.174  -1.687  -0.566                         
    IL   136   136 3   136     3     1     1    51    69  -1.552  -0.721  -4.252                          0.000  0.000  0.000  0.000 
                                             [ MATL   32 ]     65      - G - - -
    ML   137   136 3   139     3     1     1    48    66  -9.108  -0.009  -7.762                         -1.608 -3.115  1.723 -1.975 
     D   138   136 3   139     3     0     0    47    66  -6.174  -1.687  -0.566                         
    IL   139   139 3   139     3     1     1    50    69  -1.442  -0.798  -4.142                          0.000  0.000  0.000  0.000 
                                             [ MATL   33 ]     66      - A - - -
    ML   140   139 3   142     3     1     1    47    65  -9.108  -0.009  -7.762                          1.081 -0.847 -1.441 -0.060 
     D   141   139 3   142     3     0     0    46    65  -6.174  -1.687  -0.566                         
    IL   142   142 3   142     3     1     1    49    68  -1.442  -0.798  -4.142                          0.000  0.000  0.000  0.000 
                                             [ MATL   34 ]     67      - A - - -
    ML   143   142 3   145     3     1     1    45    64  -9.108  -0.009  -7.762                          1.653 -2.157 -1.904 -1.458 
     D   144   142 3   145     3     0     0    44    63  -6.174  -1.687  -0.566                         
    IL   145   145 3   145     3     1     1    48    67  -1.442  -0.798  -4.142                          0.000  0.000  0.000  0.000 
                                             [ MATL   35 ]     68      - c - - -
    ML   146   145 3   148     3     1     1    44    63  -9.446  -0.009  -7.764                         -0.969  0.836 -1.992  0.538 
     D   147   145 3   148     3     0     0    43    62  -5.620  -0.734  -1.403                         
    IL   148   148 3   148     3     1     1    45    64  -1.925  -0.554  -4.164                          0.000  0.000  0.000  0.000 
                                             [ MATR   36 ]      -     99 - G - -
    MR   149   148 3   151     3     1     1    43    62  -9.446  -0.009  -7.764                         -2.565 -3.270  1.860 -3.358 
     D   150   148 3   151     3     0     0    42    61  -6.390  -1.568  -0.620                         
    IR   151   151 3   151     3     1     1    44    63  -1.925  -0.554  -4.164                          0.000  0.000  0.000  0.000 
                                             [ MATR   37 ]      -     98 - C - -
    MR   152   151 3   154     3     1     1    42    61  -9.446  -0.009  -7.764                         -2.710  1.841 -3.948 -2.332 
     D   153   151 3   154     3     0     0    41    60  -6.390  -1.568  -0.620                         
    IR   154   154 3   154     3     1     1    43    62  -1.925  -0.554  -4.164                          0.000  0.000  0.000  0.000 
                                             [ MATR   38 ]      -     97 - C - -
    MR   155   154 3   157     5     1     1    41    60  -8.133  -0.019  -7.949  -8.161  -9.052         -3.922  1.905 -4.598 -2.754 
     D   156   154 3   157     5     0     0    40    59  -5.352  -0.707  -2.978  -4.409  -2.404         
    IR   157   157 3   157     5     1     1    42    61  -2.408  -0.496  -5.920  -4.087  -5.193          0.000  0.000  0.000  0.000 
                                             [ MATP   39 ]     69     96 a u - -
    MP   158   157 3   162     6     2     2    40    59  -9.690  -9.629  -0.014  -8.406  -8.685  -9.080 -2.560 -2.985 -3.161  2.283 -2.758 -3.994  1.923 -3.229 -3.181  0.874 -3.719 -0.978  1.613 -3.300 -0.498 -2.179 
    ML   159   157 3   162     6     1     1    39    58  -6.250  -6.596  -1.310  -1.005  -6.446  -3.975  0.368 -0.385 -0.191  0.094 
    MR   160   157 3   162     6     1     1    39    58  -6.988  -5.717  -1.625  -5.695  -0.829  -3.908  0.368 -0.385 -0.191  0.094 
     D   161   157 3   162     6     0     0    36    55  -9.049  -7.747  -3.544  -4.226  -4.244  -0.319 
    IL   162   162 5   162     6     1     1    40    59  -2.579  -2.842  -0.760  -4.497  -5.274  -4.934  0.000  0.000  0.000  0.000 
    IR   163   163 6   163     5     1     1    40    59  -2.408  -0.496  -5.920  -4.087  -5.193          0.000  0.000  0.000  0.000 
                                             [ MATP   40 ]     70     95 a u - -
    MP   164   163 6   168     6     2     2    38    57  -9.690  -9.629  -0.014  -8.406  -8.685  -9.080 -2.307 -2.972 -3.104  2.050 -2.695 -3.945  1.900 -3.172 -3.117  0.677 -3.662 -0.989  2.008 -3.252 -0.518 -2.135 
    ML   165   163 6   168     6     1     1    37    56  -6.250  -6.596  -1.310  -1.005  -6.446  -3.975  0.368 -0.385 -0.191  0.094 
    MR   166   163 6   168     6     1     1    37    56  -6.988  -5.717  -1.625  -5.695  -0.829  -3.908  0.368 -0.385 -0.191  0.094 
     D   167   163 6   168     6     0     0    34    53  -9.049  -7.747  -3.544  -4.226  -4.244  -0.319 
    IL   168   168 5   168     6     1     1    38    57  -2.579  -2.842  -0.760  -4.497  -5.274  -4.934  0.000  0.000  0.000  0.000 
    IR   169   169 6   169     5     1     1    38    57  -2.408  -0.496  -5.920  -4.087  -5.193          0.000  0.000  0.000  0.000 
                                             [ MATP   41 ]     71     94 g c - -
    MP   170   169 6   174     6     2     2    36    55  -9.690  -6.790  -0.025  -8.406  -8.685  -9.080 -3.838 -2.823 -3.768  2.379 -4.221 -4.467  0.507 -4.206 -4.030  2.587 -4.394 -0.520  0.642 -3.735 -1.671 -2.513 
    ML   171   169 6   174     6     1     1    35    54  -6.250  -6.596  -1.310  -1.005  -6.446  -3.975  0.368 -0.385 -0.191  0.094 
    MR   172   169 6   174     6     1     1    35    54  -6.988  -5.717  -1.625  -5.695  -0.829  -3.908  0.368 -0.385 -0.191  0.094 
     D   173   169 6   174     6     0     0    32    51  -9.049  -7.747  -3.544  -4.226  -4.244  -0.319 
    IL   174   174 5   174     6     1     1    36    55  -2.579  -2.842  -0.760  -4.497  -5.274  -4.934  0.000  0.000  0.000  0.000 
    IR   175   175 6   175     5     1     1    36    54  -2.505  -0.458  -6.016  -4.184  -5.290          0.000  0.000  0.000  0.000 
                                             [ MATP   42 ]     72     92 u a - -
    MP   176   175 6   180     6     2     2    34    53  -9.690  -9.629  -0.014  -8.406  -8.685  -9.080 -3.583 -3.466 -3.652  0.393 -2.193 -4.460  1.559 -3.519 -3.630  1.662 -4.146 -1.399  2.655 -3.812 -0.135 -2.532 
    ML   177   175 6   180     6     1     1    33    52  -6.250  -6.596  -1.310  -1.005  -6.446  -3.975  0.368 -0.385 -0.191  0.094 
    MR   178   175 6   180     6     1     1    33    52  -6.988  -5.717  -1.625  -5.695  -0.829  -3.908  0.368 -0.385 -0.191  0.094 
     D   179   175 6   180     6     0     0    30    49  -9.049  -7.747  -3.544  -4.226  -4.244  -0.319 
    IL   180   180 5   180     6     1     1    34    53  -2.579  -2.842  -0.760  -4.497  -5.274  -4.934  0.000  0.000  0.000  0.000 
    IR   181   181 6   181     5     1     1    34    53  -2.408  -0.496  -5.920  -4.087  -5.193          0.000  0.000  0.000  0.000 
                                             [ MATP   43 ]     73     91 c g - -
    MP   182   181 6   186     6     2     2    32    51  -9.690  -9.629  -0.014  -8.406  -8.685  -9.080 -3.024 -3.070 -3.156  0.425 -2.212 -3.996  2.551 -1.794 -3.154  0.504 -3.702 -1.243  2.021 -2.896  0.447 -1.776 
    ML   183   181 6   186     6     1     1    31    50  -6.250  -6.596  -1.310  -1.005  -6.446  -3.975  0.368 -0.385 -0.191  0.094 
    MR   184   181 6   186     6     1     1    31    50  -6.988  -5.717  -1.625  -5.695  -0.829  -3.908  0.368 -0.385 -0.191  0.094 
     D   185   181 6   186     6     0     0    29    47  -9.049  -7.747  -3.544  -4.226  -4.244  -0.319 
    IL   186   186 5   186     6     1     1    32    51  -2.579  -2.842  -0.760  -4.497  -5.274  -4.934  0.000  0.000  0.000  0.000 
    IR   187   187 6   187     5     1     1    32    51  -2.408  -0.496  -5.920  -4.087  -5.193          0.000  0.000  0.000  0.000 
                                             [ MATP   44 ]     74     90 U A - -
    MP   188   187 6   192     6     2     2    30    49  -9.690  -9.629  -0.014  -8.406  -8.685  -9.080 -6.331 -4.764 -6.324 -2.479 -5.455 -7.048 -0.979 -6.082 -4.590 -2.337 -6.759 -4.102  3.879 -6.510 -2.976 -4.482 
    ML   189   187 6   192     6     1     1    29    48  -6.250  -6.596  -1.310  -1.005  -6.446  -3.975  0.368 -0.385 -0.191  0.094 
    MR   190   187 6   192     6     1     1    29    48  -6.988  -5.717  -1.625  -5.695  -0.829  -3.908  0.368 -0.385 -0.191  0.094 
     D   191   187 6   192     6     0     0    27    46  -9.049  -7.747  -3.544  -4.226  -4.244  -0.319 
    IL   192   192 5   192     6     1     1    30    49  -2.579  -2.842  -0.760  -4.497  -5.274  -4.934  0.000  0.000  0.000  0.000 
    IR   193   193 6   193     5     1     1    30    49  -2.408  -0.496  -5.920  -4.087  -5.193          0.000  0.000  0.000  0.000 
                                             [ MATP   45 ]     75     89 c g - -
    MP   194   193 6   198     6     2     2    28    47  -9.690  -9.629  -0.014  -8.406  -8.685  -9.080 -5.241 -5.219 -4.907 -1.276 -3.505 -5.311  2.906 -4.319 -4.917 -1.117 -5.209 -3.121  2.734 -5.271 -1.145 -3.711 
    ML   195   193 6   198     6     1     1    28    47  -6.250  -6.596  -1.310  -1.005  -6.446  -3.975  0.368 -0.385 -0.191  0.094 
    MR   196   193 6   198     6     1     1    28    47  -6.988  -5.717  -1.625  -5.695  -0.829  -3.908  0.368 -0.385 -0.191  0.094 
     D   197   193 6   198     6     0     0    26    45  -9.049  -7.747  -3.544  -4.226  -4.244  -0.319 
    IL   198   198 5   198     6     1     1    28    47  -2.579  -2.842  -0.760  -4.497  -5.274  -4.934  0.000  0.000  0.000  0.000 
    IR   199   199 6   199     5     1     1    28    47  -2.408  -0.496  -5.920  -4.087  -5.193          0.000  0.000  0.000  0.000 
                                             [ MATP   46 ]     76     88 U A - -
    MP   200   199 6   204     4     2     2    26    45  -8.152  -8.359  -0.023  -6.773                 -6.410 -6.510 -5.870 -2.692 -4.318 -6.110  0.187 -5.195 -5.917 -2.610 -6.121 -4.622  3.804 -6.314 -1.680 -4.448 
    ML   201   199 6   204     4     1     1    28    47  -3.758  -3.940  -0.507  -2.670                  0.368 -0.385 -0.191  0.094 
    MR   202   199 6   204     4     1     1    27    46  -4.809  -3.838  -1.706  -0.766                  0.368 -0.385 -0.191  0.094 
     D   203   199 6   204     4     0     0    26    45  -4.568  -4.250  -2.265  -0.520                 
    IL   204   204 5   204     4     1     1    29    48  -1.686  -2.369  -1.117  -4.855                  0.000  0.000  0.000  0.000 
    IR   205   205 6   205     3     1     1    28    47  -1.442  -0.798  -4.142                          0.000  0.000  0.000  0.000 
                                             [ MATL   47 ]     77      - c - - -
    ML   206   205 6   208     3     1     1    24    42  -9.108  -0.009  -7.762                         -1.875  0.857 -2.783  0.824 
     D   207   205 6   208     3     0     0    23    42  -6.174  -1.687  -0.566                         
    IL   208   208 3   208     3     1     1    27    46  -1.442  -0.798  -4.142                          0.000  0.000  0.000  0.000 
                                             [ MATL   48 ]     78      - G - - -
    ML   209   208 3   211     3     1     1    23    41  -9.108  -0.009  -7.762                         -3.040 -3.682  1.897 -3.711 
     D   210   208 3   211     3     0     0    22    41  -6.174  -1.687  -0.566                         
    IL   211   211 3   211     3     1     1    26    45  -1.442  -0.798  -4.142                          0.000  0.000  0.000  0.000 
                                             [ MATL   49 ]     79      - C - - -
    ML   212   211 3   214     3     1     1    21    40  -9.108  -0.009  -7.762                         -3.696  1.878 -4.410 -2.321 
     D   213   211 3   214     3     0     0    21    40  -6.174  -1.687  -0.566                         
    IL   214   214 3   214     3     1     1    25    44  -1.442  -0.798  -4.142                          0.000  0.000  0.000  0.000 
                                             [ MATL   50 ]     80      - C - - -
    ML   215   214 3   217     3     1     1    20    39  -9.108  -0.009  -7.762                         -3.225  1.889 -4.261 -2.855 
     D   216   214 3   217     3     0     0    20    39  -6.174  -1.687  -0.566                         
    IL   217   217 3   217     3     1     1    24    43  -1.442  -0.798  -4.142                          0.000  0.000  0.000  0.000 
                                             [ MATL   51 ]     81      - U - - -
    ML   218   217 3   220     3     1     1    19    38  -9.108  -0.009  -7.762                         -3.561 -3.246 -4.349  1.911 
     D   219   217 3   220     3     0     0    19    38  -6.174  -1.687  -0.566                         
    IL   220   220 3   220     3     1     1    23    41  -1.442  -0.798  -4.142                          0.000  0.000  0.000  0.000 
                                             [ MATL   52 ]     82      - U - - -
    ML   221   220 3   223     3     1     1    18    36  -9.108  -0.009  -7.762                         -3.561 -3.246 -4.349  1.911 
     D   222   220 3   223     3     0     0    18    36  -6.174  -1.687  -0.566                         
    IL   223   223 3   223     3     1     1    22    40  -1.442  -0.798  -4.142                          0.000  0.000  0.000  0.000 
                                             [ MATL   53 ]     83      - U - - -
    ML   224   223 3   226     3     1     1    17    35  -9.108  -0.009  -7.762                         -3.561 -3.246 -4.349  1.911 
     D   225   223 3   226     3     0     0    17    35  -6.174  -1.687  -0.566                         
    IL   226   226 3   226     3     1     1    21    39  -1.442  -0.798  -4.142                          0.000  0.000  0.000  0.000 
                                             [ MATL   54 ]     84      - U - - -
    ML   227   226 3   229     3     1     1    15    34  -9.108  -0.009  -7.762                         -3.561 -3.246 -4.349  1.911 
     D   228   226 3   229     3     0     0    16    34  -6.174  -1.687  -0.566                         
    IL   229   229 3   229     3     1     1    20    38  -1.442  -0.798  -4.142                          0.000  0.000  0.000  0.000 
                                             [ MATL   55 ]     85      - A - - -
    ML   230   229 3   232     3     1     1    14    32  -9.108  -0.009  -7.762                          1.775 -2.089 -2.796 -2.334 
     D   231   229 3   232     3     0     0    15    33  -6.174  -1.687  -0.566                         
    IL   232   232 3   232     3     1     1    19    37  -1.442  -0.798  -4.142                          0.000  0.000  0.000  0.000 
                                             [ MATL   56 ]     86      - C - - -
    ML   233   232 3   235     3     1     1    12    31  -9.108  -0.009  -7.762                         -4.176  1.928 -4.834 -3.249 
     D   234   232 3   235     3     0     0    13    32  -6.174  -1.687  -0.566                         
    IL   235   235 3   235     3     1     1    18    36  -1.442  -0.798  -4.142                          0.000  0.000  0.000  0.000 
                                             [ MATL   57 ]     87      - u - - -
    ML   236   235 3   238     2     1     1     1     1       *   0.000                                 -1.756  0.691 -2.636  0.947 
     D   237   235 3   238     2     0     0     0     0       *   0.000                                 
    IL   238   238 3   238     2     1     1    13    28  -1.823  -0.479                                  0.000  0.000  0.000  0.000 
                                             [ END    58 ]      -      - - - - -
     E   239   238 3    -1     0     0     0     0     0                                                 
                                             [ BEGR   59 ]      -      - - - - -
     S   240     9 1   241     3     0     5    82   134  -9.108  -0.009  -7.762                         
    IL   241   241 2   241     3     1     3    83   136  -1.442  -0.798  -4.142                          0.000  0.000  0.000  0.000 
                                             [ MATL   60 ]    137      - u - - -
    ML   242   241 2   244     3     1     5    82   134  -9.108  -0.009  -7.762                          0.158  0.209 -1.196  0.369 
     D   243   241 2   244     3     0     0    79   132  -6.174  -1.687  -0.566                         
    IL   244   244 3   244     3     1     3    82   135  -1.442  -0.798  -4.142                          0.000  0.000  0.000  0.000 
                                             [ MATL   61 ]    138      - u - - -
    ML   245   244 3   247     3     1     5    81   133  -9.108  -0.009  -7.762                         -0.005 -0.229 -0.597  0.575 
     D   246   244 3   247     3     0     0    78   131  -6.174  -1.687  -0.566                         
    IL   247   247 3   247     3     1     2    81   134  -1.442  -0.798  -4.142                          0.000  0.000  0.000  0.000 
                                             [ MATL   62 ]    139      - u - - -
    ML   248   247 3   250     3     1     4    80   132  -9.108  -0.009  -7.762                          0.172 -0.677 -0.852  0.760 
     D   249   247 3   250     3     0     0    77   130  -6.174  -1.687  -0.566                         
    IL   250   250 3   250     3     1     2    80   133  -1.442  -0.798  -4.142                          0.000  0.000  0.000  0.000 
                                             [ MATL   63 ]    140      - a - - -
    ML   251   250 3   253     3     1     4    79   131  -9.108  -0.009  -7.762                          0.557 -0.289 -1.250  0.367 
     D   252   250 3   253     3     0     0    76   129  -6.174  -1.687  -0.566                         
    IL   253   253 3   253     3     1     2    79   132  -1.442  -0.798  -4.142                          0.000  0.000  0.000  0.000 
                                             [ MATL   64 ]    141      - a - - -
    ML   254   253 3   256     3     1     3    78   130  -9.108  -0.013  -7.189                          0.465  0.095 -1.198  0.158 
     D   255   253 3   256     3     0     0    75   128  -6.174  -1.687  -0.566                         
    IL   256   256 3   256     3     1     1    78   131  -1.442  -0.798  -4.142                          0.000  0.000  0.000  0.000 
                                             [ MATL   65 ]    142      - a - - -
    ML   257   256 3   259     3     1     2    77   129  -9.105  -0.016  -6.801                          0.483 -0.158 -0.468 -0.024 
     D   258   256 3   259     3     0     0    74   126  -6.239  -1.752  -0.536                         
    IL   259   259 3   259     3     1     1    77   130  -1.442  -0.798  -4.142                          0.000  0.000  0.000  0.000 
                                             [ MATL   66 ]    143      - c - - -
    ML   260   259 3   262     3     1     1    76   128  -9.099  -0.264  -2.597                         -0.158  0.752 -1.211 -0.019 
     D   261   259 3   262     3     0     0    72   124  -6.356  -1.869  -0.486                         
    IL   262   262 3   262     3     1     1    77   129  -1.442  -0.798  -4.142                          0.000  0.000  0.000  0.000 
                                             [ MATL   67 ]    144      - u - - -
    ML   263   262 3   265     3     1     1    75   128  -1.888  -0.465  -7.500                         -0.145  0.112 -0.643  0.459 
     D   264   262 3   265     3     0     0    63   114  -8.310  -0.311  -2.389                         
    IL   265   265 3   265     3     1     1    78   131  -0.504  -1.808  -6.734                          0.000  0.000  0.000  0.000 
                                             [ MATL   68 ]    153      - A - - -
    ML   266   265 3   268     3     1     1    62   103  -9.097  -0.009  -7.751                          1.650 -1.716 -2.437 -1.421 
     D   267   265 3   268     3     0     0    60   101  -6.393  -1.677  -0.566                         
    IL   268   268 3   268     3     1     1    63   104  -1.442  -0.798  -4.142                          0.000  0.000  0.000  0.000 
                                             [ MATL   69 ]    154      - A - - -
    ML   269   268 3   271     3     1     1    61   102  -9.100  -0.009  -7.754                          1.361 -1.444 -1.140 -0.713 
     D   270   268 3   271     3     0     0    59   100  -6.325  -1.400  -0.717                         
    IL   271   271 3   271     3     1     1    62   103  -1.442  -0.798  -4.142                          0.000  0.000  0.000  0.000 
                                             [ MATL   70 ]    155      - U - - -
    ML   272   271 3   274     3     1     1    60   101  -9.108  -0.009  -7.762                         -1.466 -2.095 -2.937  1.711 
     D   273   271 3   274     3     0     0    58    99  -6.174  -1.687  -0.566                         
    IL   274   274 3   274     3     1     1    61   102  -1.442  -0.798  -4.142                          0.000  0.000  0.000  0.000 
                                             [ MATL   71 ]    156      - U - - -
    ML   275   274 3   277     3     1     1    59   100  -9.108  -0.009  -7.762                         -1.464 -0.429 -2.523  1.444 
     D   276   274 3   277     3     0     0    57    98  -6.174  -1.687  -0.566                         
    IL   277   277 3   277     3     1     1    60   101  -1.442  -0.798  -4.142                          0.000  0.000  0.000  0.000 
                                             [ MATL   72 ]    157      - U - - -
    ML   278   277 3   280     3     1     1    58    99  -9.108  -0.009  -7.762                         -1.712 -1.940 -2.486  1.703 
     D   279   277 3   280     3     0     0    56    97  -6.174  -1.687  -0.566                         
    IL   280   280 3   280     3     1     1    59   100  -1.442  -0.798  -4.142                          0.000  0.000  0.000  0.000 
                                             [ MATL   73 ]    158      - U - - -
    ML   281   280 3   283     3     1     1    57    98  -9.108  -0.009  -7.762                         -2.238 -1.701 -2.610  1.730 
     D   282   280 3   283     3     0     0    55    96  -6.174  -1.687  -0.566                         
    IL   283   283 3   283     3     1     1    58    99  -1.442  -0.798  -4.142                          0.000  0.000  0.000  0.000 
                                             [ MATL   74 ]    159      - U - - -
    ML   284   283 3   286     3     1     1    56    97  -9.108  -0.009  -7.762                         -2.423 -1.977 -2.999  1.780 
     D   285   283 3   286     3     0     0    54    95  -6.174  -1.687  -0.566                         
    IL   286   286 3   286     3     1     1    57    98  -1.442  -0.798  -4.142                          0.000  0.000  0.000  0.000 
                                             [ MATL   75 ]    160      - G - - -
    ML   287   286 3   289     3     1     1    55    96  -9.108  -0.009  -7.762                         -0.911 -1.270  1.207 -0.424 
     D   288   286 3   289     3     0     0    53    94  -6.174  -1.687  -0.566                         
    IL   289   289 3   289     3     1     1    56    97  -1.442  -0.798  -4.142                          0.000  0.000  0.000  0.000 
                                             [ MATL   76 ]    161      - g - - -
    ML   290   289 3   292     5     1     1    54    95  -8.133  -0.159  -4.514  -4.184  -9.052         -0.506 -0.848  0.940 -0.283 
     D   291   289 3   292     5     0     0    52    93  -4.959  -0.803  -4.221  -2.596  -2.508         
    IL   292   292 3   292     5     1     1    54    95  -2.408  -0.496  -4.087  -5.920  -5.193          0.000  0.000  0.000  0.000 
                                             [ MATP   77 ]    162    192 a u - -
    MP   293   292 3   297     4     2     2    53    94  -3.085  -8.206  -0.369  -3.258                 -1.040 -0.627 -1.224  1.659 -0.406 -2.464  1.254 -1.106 -1.795  1.122 -2.336 -0.444  1.217 -1.952 -0.085 -0.803 
    ML   294   292 3   297     4     1     1    50    91  -4.223  -4.406  -0.917  -1.435                  0.941 -0.726 -0.653 -0.253 
    MR   295   292 3   297     4     1     1    48    89  -5.544  -4.573  -2.440  -0.411                  0.421 -0.332 -0.355  0.118 
     D   296   292 3   297     4     0     0    49    90  -4.568  -4.250  -2.265  -0.520                 
    IL   297   297 5   297     4     1     1    56    97  -0.652  -4.614  -1.665  -7.099                  0.000  0.000  0.000  0.000 
    IR   298   298 6   298     3     1     1    38    57  -1.442  -0.798  -4.142                          0.000  0.000  0.000  0.000 
                                             [ MATL   78 ]    169      - a - - -
    ML   299   298 6   301     5     1     1    35    53  -7.872  -0.028  -6.918  -7.900  -8.792          0.592 -0.422 -0.305 -0.095 
     D   300   298 6   301     5     0     0    34    52  -6.557  -0.411  -3.007  -4.194  -4.106         
    IL   301   301 3   301     5     1     1    35    54  -2.408  -0.496  -4.087  -5.920  -5.193          0.000  0.000  0.000  0.000 
                                             [ MATP   79 ]    170    191 g c - -
    MP   302   301 3   306     6     2     2    34    52  -9.662  -9.601  -0.014  -8.378  -8.658  -9.053 -1.230 -1.420 -1.763  1.309 -0.860 -2.307  1.358 -1.825 -0.635  1.485 -2.562 -0.419  1.261 -1.902  0.161 -0.543 
    ML   303   301 3   306     6     1     1    32    51  -6.710  -7.057  -1.645  -0.716  -6.906  -4.436  0.962 -0.829 -0.570 -0.295 
    MR   304   301 3   306     6     1     1    32    51  -6.988  -5.717  -1.625  -5.695  -0.829  -3.908  0.368 -0.385 -0.191  0.094 
     D   305   301 3   306     6     0     0    30    48  -9.049  -7.747  -3.544  -4.226  -4.244  -0.319 
    IL   306   306 5   306     6     1     1    33    52  -2.579  -2.842  -0.760  -4.497  -5.274  -4.934  0.000  0.000  0.000  0.000 
    IR   307   307 6   307     5     1     1    33    52  -2.408  -0.496  -5.920  -4.087  -5.193          0.000  0.000  0.000  0.000 
                                             [ MATP   80 ]    171    190 c g - -
    MP   308   307 6   312     6     2     2    32    50  -9.665  -9.604  -0.014  -8.381  -8.661  -9.056 -1.749 -1.734 -1.946  1.217 -0.383 -1.693  1.772 -1.739 -2.013  1.117 -1.493 -0.407  1.469 -2.087  0.027 -1.069 
    ML   309   307 6   312     6     1     1    30    49  -6.671  -7.017  -1.732  -0.677  -6.867  -4.397 -0.042  0.439 -0.741  0.104 
    MR   310   307 6   312     6     1     1    30    49  -6.988  -5.717  -1.625  -5.695  -0.829  -3.908  0.368 -0.385 -0.191  0.094 
     D   311   307 6   312     6     0     0    28    47  -9.049  -7.747  -3.544  -4.226  -4.244  -0.319 
    IL   312   312 5   312     6     1     1    31    50  -2.579  -2.842  -0.760  -4.497  -5.274  -4.934  0.000  0.000  0.000  0.000 
    IR   313   313 6   313     5     1     1    31    50  -2.408  -0.496  -5.920  -4.087  -5.193          0.000  0.000  0.000  0.000 
                                             [ MATP   81 ]    172    189 c g - -
    MP   314   313 6   318     6     2     2    30    48  -9.665  -9.604  -0.020  -8.381  -8.661  -7.385 -1.928 -2.122 -1.805  1.149 -1.844 -2.621  2.143 -2.135 -1.379  0.954 -2.749 -0.419  1.532 -2.261  0.273 -1.358 
    ML   315   313 6   318     6     1     1    28    47  -6.671  -7.017  -0.851  -1.426  -6.867  -4.397 -0.042  0.439 -0.741  0.104 
    MR   316   313 6   318     6     1     1    28    47  -6.988  -5.717  -1.625  -5.695  -0.829  -3.908  0.368 -0.385 -0.191  0.094 
     D   317   313 6   318     6     0     0    26    45  -9.049  -7.747  -3.544  -4.226  -4.244  -0.319 
    IL   318   318 5   318     6     1     1    29    48  -2.579  -2.842  -0.760  -4.497  -5.274  -4.934  0.000  0.000  0.000  0.000 
    IR   319   319 6   319     5     1     1    29    48  -2.408  -0.496  -5.920  -4.087  -5.193          0.000  0.000  0.000  0.000 
                                             [ MATP   82 ]    173    188 c g - -
    MP   320   319 6   324     6     2     2    28    46  -9.684  -9.623  -0.014  -8.400  -8.679  -9.075 -1.592 -2.031 -1.773  1.044 -1.785 -2.505  1.978 -2.355 -2.085  1.059 -2.657 -0.662  1.729 -1.408  0.120 -0.789 
    ML   321   319 6   324     6     1     1    27    45  -6.250  -6.596  -1.310  -1.005  -6.446  -3.975  0.368 -0.385 -0.191  0.094 
    MR   322   319 6   324     6     1     1    26    45  -6.988  -5.717  -1.625  -5.695  -0.829  -3.908  0.368 -0.385 -0.191  0.094 
     D   323   319 6   324     6     0     0    24    43  -9.189  -7.888  -3.685  -4.367  -4.384  -0.286 
    IL   324   324 5   324     6     1     1    27    46  -2.579  -2.842  -0.760  -4.497  -5.274  -4.934  0.000  0.000  0.000  0.000 
    IR   325   325 6   325     5     1     1    27    46  -2.408  -0.496  -5.920  -4.087  -5.193          0.000  0.000  0.000  0.000 
                                             [ MATP   83 ]    174    187 u a - -
    MP   326   325 6   330     6     2     2    26    44  -9.684  -9.623  -0.014  -8.400  -8.679  -9.075 -1.570 -1.988 -1.846  1.080 -1.808 -2.129  1.767 -1.909 -2.040  1.004 -2.613 -0.317  1.776 -1.888  0.294 -0.519 
    ML   327   325 6   330     6     1     1    25    44  -6.250  -6.596  -1.310  -1.005  -6.446  -3.975  0.368 -0.385 -0.191  0.094 
    MR   328   325 6   330     6     1     1    25    44  -6.988  -5.717  -1.625  -5.695  -0.829  -3.908  0.368 -0.385 -0.191  0.094 
     D   329   325 6   330     6     0     0    23    42  -9.189  -7.888  -3.685  -4.367  -4.384  -0.286 
    IL   330   330 5   330     6     1     1    26    44  -2.579  -2.842  -0.760  -4.497  -5.274  -4.934  0.000  0.000  0.000  0.000 
    IR   331   331 6   331     5     1     1    25    44  -2.408  -0.496  -5.920  -4.087  -5.193          0.000  0.000  0.000  0.000 
                                             [ MATP   84 ]    175    186 u a - -
    MP   332   331 6   336     4     2     2    24    42  -8.142  -8.349  -0.109  -3.911                 -1.661 -1.749 -1.790  1.307 -1.514 -1.710  1.623 -1.594 -1.912  1.195 -2.448 -0.584  1.695 -1.177 -0.130 -0.845 
    ML   333   331 6   336     4     1     1    25    44  -3.758  -3.940  -0.507  -2.670                  0.368 -0.385 -0.191  0.094 
    MR   334   331 6   336     4     1     1    24    43  -4.809  -3.838  -1.706  -0.766                  0.368 -0.385 -0.191  0.094 
     D   335   331 6   336     4     0     0    23    42  -4.700  -4.381  -2.397  -0.467                 
    IL   336   336 5   336     4     1     1    26    45  -1.686  -2.369  -1.117  -4.855                  0.000  0.000  0.000  0.000 
    IR   337   337 6   337     3     1     1    25    44  -1.442  -0.798  -4.142                          0.000  0.000  0.000  0.000 
                                             [ MATL   85 ]    176      - u - - -
    ML   338   337 6   340     3     1     1    21    40  -9.016  -0.038  -5.381                         -0.080 -0.029 -1.072  0.677 
     D   339   337 6   340     3     0     0    20    38  -7.351  -2.864  -0.224                         
    IL   340   340 3   340     3     1     1    24    43  -1.442  -0.798  -4.142                          0.000  0.000  0.000  0.000 
                                             [ MATL   86 ]    177      - u - - -
    ML   341   340 3   343     3     1     1    20    39  -8.989  -0.010  -7.643                         -0.159  0.144 -0.932  0.561 
     D   342   340 3   343     3     0     0    19    37  -7.567  -1.380  -0.712                         
    IL   343   343 3   343     3     1     1    23    42  -1.442  -0.798  -4.142                          0.000  0.000  0.000  0.000 
                                             [ MATL   87 ]    178      - u - - -
    ML   344   343 3   346     3     1     1    19    37  -9.041  -0.013  -7.160                          0.127 -0.411 -0.941  0.709 
     D   345   343 3   346     3     0     0    17    36  -7.121  -2.634  -0.266                         
    IL   346   346 3   346     3     1     1    22    41  -1.442  -0.798  -4.142                          0.000  0.000  0.000  0.000 
                                             [ MATL   88 ]    179      - u - - -
    ML   347   346 3   349     3     1     1    18    36  -1.377  -1.509  -1.924                         -0.167 -0.203 -1.032  0.809 
     D   348   346 3   349     3     0     0    16    34  -3.762  -1.952  -0.582                         
    IL   349   349 3   349     3     1     1    18    36  -1.483  -0.671  -6.124                          0.000  0.000  0.000  0.000 
                                             [ MATL   89 ]    184      - u - - -
    ML   350   349 3   352     3     1     1    13    31  -8.639  -0.013  -7.293                          0.295 -0.642 -0.331  0.419 
     D   351   349 3   352     3     0     0    11    30  -8.913  -4.426  -0.072                         
    IL   352   352 3   352     3     1     1    18    36  -1.442  -0.798  -4.142                          0.000  0.000  0.000  0.000 
                                             [ MATL   90 ]    185      - u - - -
    ML   353   352 3   355     2     1     1     1     1       *   0.000                                  0.088 -0.575  0.080  0.274 
     D   354   352 3   355     2     0     0     0     0       *   0.000                                 
    IL   355   355 3   355     2     1     1    13    28  -1.823  -0.479                                  0.000  0.000  0.000  0.000 
                                             [ END    91 ]      -      - - - - -
     E   356   355 3    -1     0     0     0     0     0                                                 
//
HMMER3/f [3.3.2 | Nov 2020]
NAME  U5
ACC   RF00020
DESC  U5 spliceosomal RNA
LENG  116
MAXL  331
ALPH  RNA
RF    no
MM    no
CONS  yes
CS    yes
MAP   yes
DATE  Thu Feb 20 18:09:47 2014
COM   [1] /nfs/production/xfam/rfam/software/bin/cmbuild -F CM SEED
COM   [2] /nfs/production/xfam/rfam/software/bin/cmcalibrate --mpi CM
NSEQ  180
EFFN  16.756897
CKSUM 2214996571
STATS LOCAL MSV       -9.3963  0.71820
STATS LOCAL VITERBI  -10.3482  0.71820
STATS LOCAL FORWARD   -4.1327  0.71820
HMM          A        C        G        U   
            m->m     m->i     m->d     i->m     i->i     d->m     d->d
  COMPO   1.42011  1.44691  1.56556  1.15822
          1.38629  1.38629  1.38629  1.38629
          0.01149  5.16517  5.16517  1.46634  0.26236  0.00000        *
      1   0.85452  1.98652  1.92591  1.23238      1 a - - :
          1.38629  1.38629  1.38629  1.38629
          0.01607  5.16517  4.58287  1.46634  0.26236  1.09861  0.40547
      2   1.59099  1.50246  1.42971  1.09567      2 u - - :
          1.38629  1.38629  1.38629  1.38629
          0.01154  5.16065  5.16065  1.46634  0.26236  0.75011  0.63926
      3   1.50068  1.33805  1.30302  1.41488      3 g - - <
          1.38629  1.38629  1.38629  1.38629
          0.01149  5.16517  5.16517  1.46634  0.26236  1.09861  0.40547
      4   2.14094  0.97525  1.28708  1.47281      4 c - - <
          1.38629  1.38629  1.38629  1.38629
          0.01149  5.16517  5.16517  1.46634  0.26236  1.09861  0.40547
      5   1.59670  1.22183  1.77650  1.09806      5 u - - <
          1.38629  1.38629  1.38629  1.38629
          0.01149  5.16517  5.16517  1.46634  0.26236  1.09861  0.40547
      6   2.27592  0.84752  1.55702  1.35457      6 c - - <
          1.38629  1.38629  1.38629  1.38629
          0.32985  5.16517  1.29005  1.46634  0.26236  1.09861  0.40547
      7   1.65507  2.06795  1.64655  0.71383      7 u - - -
          1.38629  1.38629  1.38629  1.38629
          0.01881  4.85108  4.52678  1.46634  0.26236  0.21001  1.66377
      8   2.41112  3.39945  0.19910  2.85725      8 G - - -
          1.38629  1.38629  1.38629  1.38629
          0.04239  5.11905  3.33758  1.46634  0.26236  0.20292  1.69469
      9   1.73402  1.38260  1.10368  1.42356      9 g - - <
          1.38629  1.38629  1.38629  1.38629
          0.01183  5.13655  5.13655  1.46634  0.26236  2.07173  0.13464
     10   1.49991  1.78550  1.05724  1.34047     10 g - - <
          1.38629  1.38629  1.38629  1.38629
          0.01183  5.13655  5.13655  1.46634  0.26236  2.07173  0.13464
     11   1.45853  1.67763  1.34552  1.13880     11 u - - <
          1.38629  1.38629  1.38629  1.38629
          0.09388  2.48017  5.13655  0.13493  2.06969  0.29026  1.37859
     12   1.90904  1.40798  1.98846  0.75452     13 u - - <
          1.38629  1.38629  1.38629  1.38629
          0.03279  3.62902  5.16517  0.38591  1.13890  1.09861  0.40547
     13   1.96442  0.68937  1.94788  1.53574     15 C - - <
          1.38629  1.38629  1.38629  1.38629
          0.05039  5.16517  3.13669  1.46634  0.26236  1.09861  0.40547
     14   0.95277  1.89571  1.75081  1.23621     16 a - - <
          1.38629  1.38629  1.38629  1.38629
          0.02531  3.96050  5.12673  0.53754  0.87752  0.23355  1.56888
     15   1.47248  1.31468  1.23073  1.56063     18 g - - <
          1.38629  1.38629  1.38629  1.38629
          0.01149  5.16517  5.16517  1.46634  0.26236  1.09861  0.40547
     16   1.81918  1.21926  1.87027  0.94595     19 u - - <
          1.38629  1.38629  1.38629  1.38629
          0.01149  5.16517  5.16517  1.46634  0.26236  1.09861  0.40547
     17   1.31106  1.75919  1.81052  0.92960     20 u - - <
          1.38629  1.38629  1.38629  1.38629
          0.01149  5.16517  5.16517  1.46634  0.26236  1.09861  0.40547
     18   2.22465  0.62826  2.94803  1.18440     21 C - - <
          1.38629  1.38629  1.38629  1.38629
          0.01650  5.16517  4.54154  1.46634  0.26236  1.09861  0.40547
     19   0.73869  1.43825  1.90553  1.99381     22 a - - <
          1.38629  1.38629  1.38629  1.38629
          0.56487  1.10447  2.30078  2.67176  0.07164  1.35214  0.29933
     20   1.43760  1.97073  1.83990  0.76719     60 u - - -
          1.38629  1.38629  1.38629  1.38629
          0.01276  5.06101  5.06101  1.46634  0.26236  0.45836  1.00055
     21   0.71118  2.15547  2.32647  1.21927     61 a - - -
          1.38629  1.38629  1.38629  1.38629
          0.01186  5.13342  5.13342  1.46634  0.26236  0.26935  1.44341
     22   1.05496  1.91317  2.10446  0.96162     62 u - - -
          1.38629  1.38629  1.38629  1.38629
          0.01149  5.16517  5.16517  1.46634  0.26236  1.09861  0.40547
     23   2.43633  0.22686  3.74621  2.38725     63 C - - -
          1.38629  1.38629  1.38629  1.38629
          0.02930  3.76541  5.16517  0.43652  1.03926  1.09861  0.40547
     24   2.80004  4.21963  0.13897  2.91448     65 G - - -
          1.38629  1.38629  1.38629  1.38629
          0.01149  5.16517  5.16517  1.46634  0.26236  1.09861  0.40547
     25   0.51882  2.12599  2.81937  1.48802     66 A - - -
          1.38629  1.38629  1.38629  1.38629
          0.01149  5.16517  5.16517  1.46634  0.26236  1.09861  0.40547
     26   0.16327  3.37229  3.08201  2.65268     67 A - - -
          1.38629  1.38629  1.38629  1.38629
          0.01149  5.16517  5.16517  1.46634  0.26236  1.09861  0.40547
     27   2.44723  0.67902  3.34760  0.99106     68 C - - -
          1.38629  1.38629  1.38629  1.38629
          0.01149  5.16517  5.16517  1.46634  0.26236  1.09861  0.40547
     28   0.84837  1.40000  2.38043  1.45766     69 a - - <
          1.38629  1.38629  1.38629  1.38629
          0.01149  5.16517  5.16517  1.46634  0.26236  1.09861  0.40547
     29   1.01841  1.45636  2.53239  1.12000     70 a - - <
          1.38629  1.38629  1.38629  1.38629
          0.01149  5.16517  5.16517  1.46634  0.26236  1.09861  0.40547
     30   0.86275  2.77315  0.89840  2.22270     71 a - - <
          1.38629  1.38629  1.38629  1.38629
          0.01149  5.16517  5.16517  1.46634  0.26236  1.09861  0.40547
     31   2.85600  1.95590  1.44419  0.57070     72 U - - <
          1.38629  1.38629  1.38629  1.38629
          0.01149  5.16517  5.16517  1.46634  0.26236  1.09861  0.40547
     32   2.85310  0.75436  2.62476  0.91738     73 c - - <
          1.38629  1.38629  1.38629  1.38629
          0.01149  5.16517  5.16517  1.46634  0.26236  1.09861  0.40547
     33   4.94914  4.00036  4.83579  0.03391     74 U - - <
          1.38629  1.38629  1.38629  1.38629
          0.01149  5.16517  5.16517  1.46634  0.26236  1.09861  0.40547
     34   4.64100  0.69682  4.51923  0.73129     75 c - - <
          1.38629  1.38629  1.38629  1.38629
          0.01149  5.16517  5.16517  1.46634  0.26236  1.09861  0.40547
     35   5.16002  3.15592  5.12085  0.05584     76 U - - <
          1.38629  1.38629  1.38629  1.38629
          0.01149  5.16517  5.16517  1.46634  0.26236  1.09861  0.40547
     36   3.72640  0.69748  4.43470  0.76309     77 c - - _
          1.38629  1.38629  1.38629  1.38629
          0.01149  5.16517  5.16517  1.46634  0.26236  1.09861  0.40547
     37   4.49934  4.25283  0.03290  4.95799     78 G - - _
          1.38629  1.38629  1.38629  1.38629
          0.01149  5.16517  5.16517  1.46634  0.26236  1.09861  0.40547
     38   4.89606  0.04563  5.23176  3.44890     79 C - - _
          1.38629  1.38629  1.38629  1.38629
          0.01149  5.16517  5.16517  1.46634  0.26236  1.09861  0.40547
     39   4.08150  0.03722  5.03746  4.33060     80 C - - _
          1.38629  1.38629  1.38629  1.38629
          0.01149  5.16517  5.16517  1.46634  0.26236  1.09861  0.40547
     40   5.08172  4.75603  5.66189  0.01845     81 U - - _
          1.38629  1.38629  1.38629  1.38629
          0.01149  5.16517  5.16517  1.46634  0.26236  1.09861  0.40547
     41   5.08172  4.75603  5.66189  0.01845     82 U - - _
          1.38629  1.38629  1.38629  1.38629
          0.01149  5.16517  5.16517  1.46634  0.26236  1.09861  0.40547
     42   5.08172  4.75603  5.66189  0.01845     83 U - - _
          1.38629  1.38629  1.38629  1.38629
          0.01149  5.16517  5.16517  1.46634  0.26236  1.09861  0.40547
     43   5.08172  4.75603  5.66189  0.01845     84 U - - _
          1.38629  1.38629  1.38629  1.38629
          0.01149  5.16517  5.16517  1.46634  0.26236  1.09861  0.40547
     44   0.10149  2.97856  4.11444  3.52989     85 A - - _
          1.38629  1.38629  1.38629  1.38629
          0.01149  5.16517  5.16517  1.46634  0.26236  1.09861  0.40547
     45   5.25738  0.01882  5.58370  4.63832     86 C - - _
          1.38629  1.38629  1.38629  1.38629
          0.01149  5.16517  5.16517  1.46634  0.26236  1.09861  0.40547
     46   3.45855  0.81873  4.12906  0.67053     87 U - - _
          1.38629  1.38629  1.38629  1.38629
          0.01149  5.16517  5.16517  1.46634  0.26236  1.09861  0.40547
     47   0.06782  5.25316  2.94028  4.89367     88 A - - >
          1.38629  1.38629  1.38629  1.38629
          0.01149  5.16517  5.16517  1.46634  0.26236  1.09861  0.40547
     48   0.75184  4.66270  0.67953  4.40608     89 G - - >
          1.38629  1.38629  1.38629  1.38629
          0.01149  5.16517  5.16517  1.46634  0.26236  1.09861  0.40547
     49   0.03482  5.03366  3.84486  5.06474     90 A - - >
          1.38629  1.38629  1.38629  1.38629
          0.01149  5.16517  5.16517  1.46634  0.26236  1.09861  0.40547
     50   1.19387  2.74754  0.62644  2.31896     91 G - - >
          1.38629  1.38629  1.38629  1.38629
          0.01149  5.16517  5.16517  1.46634  0.26236  1.09861  0.40547
     51   0.64076  1.48813  1.73107  2.65615     92 A - - >
          1.38629  1.38629  1.38629  1.38629
          0.02617  3.90614  5.16517  0.49507  0.94040  1.09861  0.40547
     52   2.36473  0.95477  2.63622  0.79964     94 u - - >
          1.38629  1.38629  1.38629  1.38629
          0.01149  5.16517  5.16517  1.46634  0.26236  1.09861  0.40547
     53   1.16861  2.78346  1.37053  0.98509     95 u - - >
          1.38629  1.38629  1.38629  1.38629
          0.01149  5.16517  5.16517  1.46634  0.26236  1.09861  0.40547
     54   1.55965  2.58613  1.30441  0.81385     96 u - - >
          1.38629  1.38629  1.38629  1.38629
          0.01149  5.16517  5.16517  1.46634  0.26236  1.09861  0.40547
     55   5.01815  0.03175  5.32981  3.92272     97 C - - -
          1.38629  1.38629  1.38629  1.38629
          0.01149  5.16517  5.16517  1.46634  0.26236  1.09861  0.40547
     56   3.63158  0.05928  4.86932  3.75502     98 C - - -
          1.38629  1.38629  1.38629  1.38629
          0.01149  5.16517  5.16517  1.46634  0.26236  1.09861  0.40547
     57   3.87333  3.90341  0.05231  4.60474     99 G - - -
          1.38629  1.38629  1.38629  1.38629
          0.13304  3.37947  2.40235  1.21256  0.35302  1.09861  0.40547
     58   2.40942  2.38327  1.16571  0.68086    104 U - - >
          1.38629  1.38629  1.38629  1.38629
          0.02047  5.07656  4.26707  1.46634  0.26236  0.19676  1.72252
     59   2.52207  3.14406  0.28134  2.10516    105 G - - >
          1.38629  1.38629  1.38629  1.38629
          0.01165  5.15117  5.15117  1.46634  0.26236  0.45894  0.99954
     60   1.63824  1.98278  1.02477  1.17405    106 g - - >
          1.38629  1.38629  1.38629  1.38629
          0.02022  4.24703  5.16517  0.66798  0.71897  1.09861  0.40547
     61   0.97010  1.95224  1.12062  1.87781    108 a - - >
          1.38629  1.38629  1.38629  1.38629
          0.03035  3.99139  4.47209  0.91387  0.51244  1.09861  0.40547
     62   1.69971  1.40176  1.20409  1.30514    111 g - - >
          1.38629  1.38629  1.38629  1.38629
          0.01156  5.15944  5.15944  1.46634  0.26236  0.69318  0.69311
     63   1.42753  1.89023  1.54965  0.92447    112 u - - >
          1.38629  1.38629  1.38629  1.38629
          0.05493  3.04207  5.16517  0.22422  1.60513  1.09861  0.40547
     64   1.86475  2.06322  0.58079  1.84161    114 G - - >
          1.38629  1.38629  1.38629  1.38629
          0.01149  5.16517  5.16517  1.46634  0.26236  1.09861  0.40547
     65   1.84710  2.07111  0.91493  1.15291    115 g - - >
          1.38629  1.38629  1.38629  1.38629
          0.02141  5.16517  4.16863  1.46634  0.26236  1.09861  0.40547
     66   1.37126  1.06092  1.39496  1.88235    116 c - - >
          1.38629  1.38629  1.38629  1.38629
          0.01160  5.15536  5.15536  1.46634  0.26236  0.55291  0.85631
     67   1.50451  1.17918  1.70542  1.24255    117 c - - >
          1.38629  1.38629  1.38629  1.38629
          0.01149  5.16517  5.16517  1.46634  0.26236  1.09861  0.40547
     68   1.57161  0.98091  1.57069  1.56342    118 c - - >
          1.38629  1.38629  1.38629  1.38629
          0.02251  5.16517  4.10160  1.46634  0.26236  1.09861  0.40547
     69   0.94978  1.03921  2.53026  1.71591    119 a - - -
          1.38629  1.38629  1.38629  1.38629
          0.02930  3.76808  5.15428  0.44187  1.02955  1.02182  0.44619
     70   0.68381  1.93314  1.94908  1.56919    121 A - - -
          1.38629  1.38629  1.38629  1.38629
          0.01157  5.15867  5.15867  1.46634  0.26236  1.41929  0.27692
     71   1.44737  1.10821  2.61130  1.01825    122 u - - -
          1.38629  1.38629  1.38629  1.38629
          0.01551  5.15867  4.64144  1.46634  0.26236  1.41929  0.27692
     72   1.15817  1.64333  2.59295  0.87274    123 u - - -
          1.38629  1.38629  1.38629  1.38629
          0.01385  5.15477  4.83047  1.46634  0.26236  1.57102  0.23298
     73   0.95081  1.77273  1.92133  1.21304    124 a - - -
          1.38629  1.38629  1.38629  1.38629
          0.01369  5.15255  4.85268  1.46634  0.26236  0.88953  0.52907
     74   0.66434  2.15933  2.54396  1.23296    125 A - - -
          1.38629  1.38629  1.38629  1.38629
          0.37987  1.17024  5.15708  0.79588  0.59999  0.60423  0.79075
     75   1.69469  1.84727  0.65200  1.98286    133 G - - >
          1.38629  1.38629  1.38629  1.38629
          0.01149  5.16517  5.16517  1.46634  0.26236  1.09861  0.40547
     76   1.21993  1.85150  1.15795  1.45406    134 g - - >
          1.38629  1.38629  1.38629  1.38629
          0.01149  5.16517  5.16517  1.46634  0.26236  1.09861  0.40547
     77   1.60253  1.51175  0.94377  1.66636    135 g - - >
          1.38629  1.38629  1.38629  1.38629
          0.01149  5.16517  5.16517  1.46634  0.26236  1.09861  0.40547
     78   1.60704  1.39834  1.20800  1.37153    136 g - - >
          1.38629  1.38629  1.38629  1.38629
          0.01149  5.16517  5.16517  1.46634  0.26236  1.09861  0.40547
     79   1.28085  1.15633  2.47886  1.12787    137 u - - -
          1.38629  1.38629  1.38629  1.38629
          0.01149  5.16517  5.16517  1.46634  0.26236  1.09861  0.40547
     80   1.46205  1.53805  1.82885  0.93435    138 u - - -
          1.38629  1.38629  1.38629  1.38629
          0.01149  5.16517  5.16517  1.46634  0.26236  1.09861  0.40547
     81   1.26977  1.99318  2.09228  0.77776    139 u - - -
          1.38629  1.38629  1.38629  1.38629
          0.01149  5.16517  5.16517  1.46634  0.26236  1.09861  0.40547
     82   0.93005  1.59492  2.58512  1.11732    140 a - - -
          1.38629  1.38629  1.38629  1.38629
          0.01149  5.16517  5.16517  1.46634  0.26236  1.09861  0.40547
     83   1.01105  1.24169  2.50385  1.32615    141 a - - -
          1.38629  1.38629  1.38629  1.38629
          0.01405  5.16517  4.79898  1.46634  0.26236  1.09861  0.40547
     84   1.00522  1.44155  1.72493  1.51736    142 a - - -
          1.38629  1.38629  1.38629  1.38629
          0.01648  5.16264  4.54474  1.46634  0.26236  1.23612  0.34321
     85   1.57955  0.71532  2.43144  1.52792    143 c - - -
          1.38629  1.38629  1.38629  1.38629
          0.21349  5.15773  1.67942  1.46634  0.26236  1.45797  0.26489
     86   1.61172  1.22467  1.86340  1.04567    144 u - - -
          1.38629  1.38629  1.38629  1.38629
          0.38997  1.15232  4.95839  1.47840  0.25877  0.10551  2.30123
     87   0.16395  2.80325  3.89778  2.65476    153 A - - -
          1.38629  1.38629  1.38629  1.38629
          0.01159  5.15613  5.15613  1.46634  0.26236  1.10612  0.40173
     88   0.32630  2.74472  2.37090  2.11404    154 A - - -
          1.38629  1.38629  1.38629  1.38629
          0.01156  5.15909  5.15909  1.46634  0.26236  0.67813  0.70839
     89   2.58992  3.46779  4.22475  0.12879    155 U - - -
          1.38629  1.38629  1.38629  1.38629
          0.01149  5.16517  5.16517  1.46634  0.26236  1.09861  0.40547
     90   2.91263  1.70205  4.02680  0.29366    156 U - - -
          1.38629  1.38629  1.38629  1.38629
          0.01149  5.16517  5.16517  1.46634  0.26236  1.09861  0.40547
     91   2.94583  3.28227  3.52081  0.12747    157 U - - -
          1.38629  1.38629  1.38629  1.38629
          0.01149  5.16517  5.16517  1.46634  0.26236  1.09861  0.40547
     92   3.70048  2.87174  3.57871  0.11566    158 U - - -
          1.38629  1.38629  1.38629  1.38629
          0.01149  5.16517  5.16517  1.46634  0.26236  1.09861  0.40547
     93   3.75995  3.13827  3.99044  0.08898    159 U - - -
          1.38629  1.38629  1.38629  1.38629
          0.01149  5.16517  5.16517  1.46634  0.26236  1.09861  0.40547
     94   2.49395  2.46441  0.41333  1.76661    160 G - - -
          1.38629  1.38629  1.38629  1.38629
          0.01149  5.16517  5.16517  1.46634  0.26236  1.09861  0.40547
     95   2.01637  2.06109  0.58534  1.70029    161 G - - -
          1.38629  1.38629  1.38629  1.38629
          0.07598  5.16517  2.69629  1.46634  0.26236  1.09861  0.40547
     96   1.00048  1.48373  1.63298  1.55990    162 a - - <
          1.38629  1.38629  1.38629  1.38629
          0.32364  2.07982  1.88694  1.29188  0.32124  2.62533  0.07517
     97   0.90887  1.68059  1.58143  1.58437    169 a - - -
          1.38629  1.38629  1.38629  1.38629
          0.01435  4.94426  4.94426  1.46634  0.26236  0.05451  2.93651
     98   1.45482  1.57273  1.18665  1.37107    170 g - - <
          1.38629  1.38629  1.38629  1.38629
          0.01149  5.16517  5.16517  1.46634  0.26236  1.09861  0.40547
     99   1.72770  1.05184  1.54697  1.34661    171 c - - <
          1.38629  1.38629  1.38629  1.38629
          0.01149  5.16517  5.16517  1.46634  0.26236  1.09861  0.40547
    100   1.76999  1.01269  1.69013  1.26609    172 c - - <
          1.38629  1.38629  1.38629  1.38629
          0.01908  5.16517  4.32876  1.46634  0.26236  1.09861  0.40547
    101   1.85509  1.15159  1.76600  1.03167    173 u - - <
          1.38629  1.38629  1.38629  1.38629
          0.01158  5.15767  5.15767  1.46634  0.26236  1.46049  0.26412
    102   1.84583  1.29573  1.70812  0.94881    174 u - - <
          1.38629  1.38629  1.38629  1.38629
          0.01158  5.15767  5.15767  1.46634  0.26236  1.46049  0.26412
    103   1.61328  1.33145  1.60298  1.09249    175 u - - <
          1.38629  1.38629  1.38629  1.38629
          0.07670  5.15767  2.68705  1.46634  0.26236  1.46049  0.26412
    104   1.50961  1.36618  2.31329  0.85569    176 u - - _
          1.38629  1.38629  1.38629  1.38629
          0.03450  5.09332  3.58370  1.46634  0.26236  2.71720  0.06834
    105   1.60408  1.20906  2.15483  0.95574    177 u - - _
          1.38629  1.38629  1.38629  1.38629
          0.01263  5.07144  5.07144  1.46634  0.26236  0.88187  0.53445
    106   1.31026  1.72300  2.18694  0.82221    178 u - - _
          1.38629  1.38629  1.38629  1.38629
          0.01459  5.11278  4.77139  1.46634  0.26236  1.66177  0.21048
    107   1.59270  1.52373  2.25361  0.74717    179 u - - _
          1.38629  1.38629  1.38629  1.38629
          1.31876  0.82965  1.21628  0.45793  1.00129  1.33625  0.30493
    108   1.16902  1.96596  1.59816  1.05832    184 u - - _
          1.38629  1.38629  1.38629  1.38629
          0.01675  4.79096  4.79096  1.46634  0.26236  4.05439  0.01750
    109   1.38367  1.86724  1.23333  1.19246    185 u - - _
          1.38629  1.38629  1.38629  1.38629
          0.02786  4.79096  3.95455  1.46634  0.26236  0.03531  3.36124
    110   1.29287  1.50541  1.33925  1.42068    186 a - - >
          1.38629  1.38629  1.38629  1.38629
          0.01158  5.15767  5.15767  1.46634  0.26236  1.46049  0.26412
    111   1.24685  1.84947  1.11629  1.47938    187 g - - >
          1.38629  1.38629  1.38629  1.38629
          0.01158  5.15767  5.15767  1.46634  0.26236  1.46049  0.26412
    112   1.29670  1.75848  0.99704  1.68582    188 g - - >
          1.38629  1.38629  1.38629  1.38629
          0.04430  5.15767  3.28143  1.46634  0.26236  0.62408  0.76734
    113   1.45419  1.98256  0.85971  1.58275    189 g - - >
          1.38629  1.38629  1.38629  1.38629
          0.01187  5.13308  5.13308  1.46634  0.26236  2.14346  0.12471
    114   1.33067  1.68344  1.11784  1.50066    190 g - - >
          1.38629  1.38629  1.38629  1.38629
          0.01545  5.13308  4.66377  1.46634  0.26236  2.14346  0.12471
    115   1.35672  1.35747  1.49081  1.34709    191 u - - >
          1.38629  1.38629  1.38629  1.38629
          0.02520  5.12954  3.96532  1.46634  0.26236  2.21132  0.11603
    116   1.40614  1.54506  1.60543  1.07643    192 u - - >
          1.38629  1.38629  1.38629  1.38629
          0.00605  5.11039        *  1.46634  0.26236  0.00000        *
//
