INFERNAL1/a [1.1.4 | Dec 2020]
NAME     U4
ACC      RF00015
DESC     U4 spliceosomal RNA
STATES   428
NODES    120
CLEN     138
W        270
ALPH     RNA
RF       no
CONS     yes
MAP      yes
DATE     Fri Oct 21 14:56:13 2022
COM      [1] /hps/software/users/agb/rfam/bin/cmbuild -F CM SEED
COM      [2] /hps/software/users/agb/rfam/bin/cmcalibrate --cpu 8 /nfs/production/agb/rfam/14.9/updates/addPDBs/RF00015/CM
PBEGIN   0.05
PEND     0.05
WBETA    1e-07
QDBBETA1 1e-07
QDBBETA2 1e-15
N2OMEGA  1.52588e-05
N3OMEGA  1.52588e-05
ELSELF   -0.08926734
NSEQ     177
EFFN     4.172745
CKSUM    3505668857
NULL     0.000  0.000  0.000  0.000 
GA       46.00
TC       46.00
NC       45.90
EFP7GF   -8.5056 0.71795
ECMLC    0.73272    -8.15264    -0.37762     1600000      357535  0.003356
ECMGC    0.36596   -21.14580   -11.23103     1600000       15061  0.026559
ECMLI    0.60966    -8.50576     0.53189     1600000      296541  0.004047
ECMGI    0.41567   -12.33141    -3.58868     1600000       15147  0.026408
CM
                                             [ ROOT    0 ]      -      - - - - -
     S     0    -1 0     1     4     0     1   270   430  -7.659  -7.866  -0.064  -4.882                 
    IL     1     1 2     1     4    40    81   272   433  -1.686  -2.369  -1.117  -4.855                  0.000  0.000  0.000  0.000 
    IR     2     2 3     2     3    39    80   272   432  -1.442  -0.798  -4.142                          0.000  0.000  0.000  0.000 
                                             [ MATL    1 ]      1      - A - - -
    ML     3     2 3     5     3    40    80   270   431  -8.605  -0.013  -7.260                          1.481 -1.769 -0.930 -1.354 
     D     4     2 3     5     3    34    75   267   428  -6.548  -2.061  -0.416                         
    IL     5     5 3     5     3    39    80   271   431  -1.442  -0.798  -4.142                          0.000  0.000  0.000  0.000 
                                             [ MATL    2 ]      2      - U - - -
    ML     6     5 3     8     3    39    79   269   430  -8.605  -0.013  -7.260                         -0.659 -1.166 -0.240  1.053 
     D     7     5 3     8     3    33    74   266   427  -6.548  -1.863  -0.485                         
    IL     8     8 3     8     3    38    79   270   430  -1.442  -0.798  -4.142                          0.000  0.000  0.000  0.000 
                                             [ MATL    3 ]      3      - C - - -
    ML     9     8 3    11     3    39    78   268   429  -8.610  -0.013  -7.264                         -1.844  1.606 -2.847 -0.894 
     D    10     8 3    11     3    33    73   265   426  -6.496  -1.540  -0.633                         
    IL    11    11 3    11     3    37    78   269   429  -1.442  -0.798  -4.142                          0.000  0.000  0.000  0.000 
                                             [ MATL    4 ]      4      - u - - -
    ML    12    11 3    14     3    38    77   267   428  -8.622  -0.013  -7.276                         -1.040  0.595 -1.946  0.802 
     D    13    11 3    14     3    32    72   264   425  -6.351  -1.864  -0.488                         
    IL    14    14 3    14     3    37    77   268   428  -1.442  -0.798  -4.142                          0.000  0.000  0.000  0.000 
                                             [ MATL    5 ]      5      - U - - -
    ML    15    14 3    17     3    37    77   266   427  -8.622  -0.013  -7.276                         -1.067 -1.370 -1.769  1.507 
     D    16    14 3    17     3    32    72   263   424  -6.351  -1.864  -0.488                         
    IL    17    17 3    17     3    36    76   267   427  -1.442  -0.798  -4.142                          0.000  0.000  0.000  0.000 
                                             [ MATL    6 ]      6      - U - - -
    ML    18    17 3    20     3    36    76   265   426  -8.622  -0.013  -7.276                         -0.559 -1.244 -1.518  1.350 
     D    19    17 3    20     3    31    71   263   423  -6.351  -1.864  -0.488                         
    IL    20    20 3    20     3    35    75   266   426  -1.442  -0.798  -4.142                          0.000  0.000  0.000  0.000 
                                             [ MATL    7 ]      7      - G - - -
    ML    21    20 3    23     3    36    75   264   425  -8.622  -0.013  -7.276                         -0.374 -2.588  1.496 -2.055 
     D    22    20 3    23     3    30    70   262   422  -6.351  -1.358  -0.743                         
    IL    23    23 3    23     3    34    74   265   425  -1.442  -0.798  -4.142                          0.000  0.000  0.000  0.000 
                                             [ MATL    8 ]      8      - c - - -
    ML    24    23 3    26     3    35    74   263   424  -8.635  -0.013  -7.289                         -0.944  0.706 -1.913  0.663 
     D    25    23 3    26     3    29    69   260   421  -6.174  -1.687  -0.566                         
    IL    26    26 3    26     3    34    73   264   424  -1.442  -0.798  -4.142                          0.000  0.000  0.000  0.000 
                                             [ MATL    9 ]      9      - G - - -
    ML    27    26 3    29     3    34    73   262   423  -8.635  -0.013  -7.289                         -1.704 -3.294  1.777 -2.603 
     D    28    26 3    29     3    29    68   259   420  -6.174  -1.687  -0.566                         
    IL    29    29 3    29     3    33    73   263   423  -1.442  -0.798  -4.142                          0.000  0.000  0.000  0.000 
                                             [ MATL   10 ]     10      - C - - -
    ML    30    29 3    32     3    33    72   261   422  -2.541  -0.283  -7.289                         -1.582  1.531 -1.822 -1.022 
     D    31    29 3    32     3    28    68   258   419  -6.174  -1.687  -0.566                         
    IL    32    32 3    32     3    33    72   261   422  -2.143  -0.437  -4.843                          0.000  0.000  0.000  0.000 
                                             [ MATL   11 ]     12      - A - - -
    ML    33    32 3    35     3    32    71   260   421  -8.635  -0.013  -7.289                          1.258 -1.462 -1.362 -0.224 
     D    34    32 3    35     3    28    67   257   418  -6.174  -1.687  -0.566                         
    IL    35    35 3    35     3    31    71   261   421  -1.442  -0.798  -4.142                          0.000  0.000  0.000  0.000 
                                             [ MATL   12 ]     13      - g - - -
    ML    36    35 3    38     3    31    70   259   420  -8.635  -0.013  -7.289                         -0.518 -0.378  0.935 -0.689 
     D    37    35 3    38     3    27    66   256   417  -6.174  -1.687  -0.566                         
    IL    38    38 3    38     3    31    70   260   420  -1.442  -0.798  -4.142                          0.000  0.000  0.000  0.000 
                                             [ MATL   13 ]     14      - G - - -
    ML    39    38 3    41     3    30    69   258   419  -8.635  -0.028  -5.902                         -0.719 -1.589  1.129 -0.197 
     D    40    38 3    41     3    26    65   255   416  -6.174  -1.687  -0.566                         
    IL    41    41 3    41     3    30    69   259   419  -1.442  -0.798  -4.142                          0.000  0.000  0.000  0.000 
                                             [ MATL   14 ]     15      - G - - -
    ML    42    41 3    44     3    29    68   257   418  -8.620  -0.013  -7.274                         -2.369 -3.781  1.853 -3.038 
     D    43    41 3    44     3    26    65   254   415  -6.378  -1.891  -0.477                         
    IL    44    44 3    44     3    29    68   258   418  -1.442  -0.798  -4.142                          0.000  0.000  0.000  0.000 
                                             [ MATL   15 ]     16      - G - - -
    ML    45    44 3    47     3    28    67   256   417  -8.620  -0.013  -7.274                         -1.685 -2.637  1.713 -1.994 
     D    46    44 3    47     3    25    64   254   414  -6.378  -1.891  -0.477                         
    IL    47    47 3    47     3    28    67   257   417  -1.442  -0.798  -4.142                          0.000  0.000  0.000  0.000 
                                             [ MATL   16 ]     17      - c - - -
    ML    48    47 3    50     3    28    66   255   416  -8.620  -0.013  -7.274                         -0.463  0.960 -1.805  0.061 
     D    49    47 3    50     3    25    64   253   414  -6.378  -1.316  -0.770                         
    IL    50    50 3    50     3    28    66   256   416  -1.442  -0.798  -4.142                          0.000  0.000  0.000  0.000 
                                             [ MATL   17 ]     18      - A - - -
    ML    51    50 3    53     3    27    65   254   415  -8.635  -0.013  -7.289                          1.184 -1.203 -0.755 -0.512 
     D    52    50 3    53     3    24    63   252   413  -6.174  -1.687  -0.566                         
    IL    53    53 3    53     3    27    65   255   415  -1.442  -0.798  -4.142                          0.000  0.000  0.000  0.000 
                                             [ MATL   18 ]     19      - a - - -
    ML    54    53 3    56     3    26    64   253   414  -5.297  -0.053  -6.535                          0.549 -1.038 -0.062  0.128 
     D    55    53 3    56     3    24    62   251   412  -6.174  -1.687  -0.566                         
    IL    56    56 3    56     3    26    64   254   414  -1.559  -0.717  -4.259                          0.000  0.000  0.000  0.000 
                                             [ MATL   19 ]     21      - U - - -
    ML    57    56 3    59     2    25    63   252   413  -9.124  -0.003                                 -1.375 -1.452 -2.138  1.595 
     D    58    56 3    59     2    24    62   251   412  -8.451  -0.004                                 
    IL    59    59 3    59     2    25    63   253   413  -1.823  -0.479                                  0.000  0.000  0.000  0.000 
                                             [ BIF    20 ]      -      - - - - -
     B    60    59 3    61   162    24    62   251   412                                                 
                                             [ BEGL   21 ]      -      - - - - -
     S    61    60 1    62     4     0     0    48    67  -0.041  -6.438  -6.643  -7.283                 
                                             [ MATP   22 ]     22     56 a u - -
    MP    62    61 1    66     6     2     3    48    67  -9.416  -9.355  -0.017  -8.132  -8.411  -8.806 -2.261 -2.401 -2.726  2.351 -2.236 -3.532  1.167 -2.740 -2.832  1.868 -3.346 -0.442  0.975 -2.819 -0.627 -1.852 
    ML    63    61 1    66     6     1     1    46    65  -6.341  -6.687  -1.186  -1.096  -6.537  -4.066  0.581 -0.531 -0.234 -0.056 
    MR    64    61 1    66     6     1     1    46    65  -6.988  -5.717  -1.625  -5.695  -0.829  -3.908  0.368 -0.385 -0.191  0.094 
     D    65    61 1    66     6     0     0    44    63  -9.049  -7.747  -3.544  -4.226  -4.244  -0.319 
    IL    66    66 5    66     6     1     1    48    66  -2.579  -2.842  -0.760  -4.497  -5.274  -4.934  0.000  0.000  0.000  0.000 
    IR    67    67 6    67     5     1     1    47    66  -2.408  -0.496  -5.920  -4.087  -5.193          0.000  0.000  0.000  0.000 
                                             [ MATP   23 ]     23     55 c g - -
    MP    68    67 6    72     6     2     2    46    65  -9.421  -9.361  -0.017  -8.137  -8.417  -8.812 -2.357 -2.864 -2.965  1.047 -1.664 -3.807  2.348 -2.984 -2.963  0.834 -3.510 -1.015  2.062 -3.119 -0.270 -1.968 
    ML    69    67 6    72     6     1     1    44    63  -6.250  -6.596  -1.310  -1.005  -6.446  -3.975  0.368 -0.385 -0.191  0.094 
    MR    70    67 6    72     6     1     1    44    63  -6.988  -5.717  -1.625  -5.695  -0.829  -3.908  0.368 -0.385 -0.191  0.094 
     D    71    67 6    72     6     0     0    42    61  -9.049  -7.747  -3.544  -4.226  -4.244  -0.319 
    IL    72    72 5    72     6     1     1    46    65  -2.579  -2.842  -0.760  -4.497  -5.274  -4.934  0.000  0.000  0.000  0.000 
    IR    73    73 6    73     5     1     1    45    64  -2.408  -0.496  -5.920  -4.087  -5.193          0.000  0.000  0.000  0.000 
                                             [ MATP   24 ]     24     54 c g - -
    MP    74    73 6    78     6     2     2    44    63  -9.421  -9.361  -0.017  -8.137  -8.417  -8.812 -3.114 -2.957 -3.211  0.965 -2.689 -4.031  2.418 -3.189 -3.212  1.388 -3.734  0.154  1.546 -3.344 -0.210 -2.145 
    ML    75    73 6    78     6     1     1    43    62  -6.250  -6.596  -1.310  -1.005  -6.446  -3.975  0.368 -0.385 -0.191  0.094 
    MR    76    73 6    78     6     1     1    43    62  -6.988  -5.717  -1.625  -5.695  -0.829  -3.908  0.368 -0.385 -0.191  0.094 
     D    77    73 6    78     6     0     0    40    60  -9.049  -7.747  -3.544  -4.226  -4.244  -0.319 
    IL    78    78 5    78     6     1     1    44    63  -2.579  -2.842  -0.760  -4.497  -5.274  -4.934  0.000  0.000  0.000  0.000 
    IR    79    79 6    79     5     1     1    43    62  -2.408  -0.496  -5.920  -4.087  -5.193          0.000  0.000  0.000  0.000 
                                             [ MATP   25 ]     25     53 g c - -
    MP    80    79 6    84     6     2     2    42    61  -9.421  -9.361  -0.017  -8.137  -8.417  -8.812 -3.357 -2.802 -3.380  1.062 -3.157 -4.140  1.872 -3.518 -3.487  2.400 -3.946 -0.288  1.337 -3.434 -0.769 -2.318 
    ML    81    79 6    84     6     1     1    41    61  -6.250  -6.596  -1.310  -1.005  -6.446  -3.975  0.368 -0.385 -0.191  0.094 
    MR    82    79 6    84     6     1     1    41    60  -6.988  -5.717  -1.625  -5.695  -0.829  -3.908  0.368 -0.385 -0.191  0.094 
     D    83    79 6    84     6     0     0    40    59  -9.049  -7.747  -3.544  -4.226  -4.244  -0.319 
    IL    84    84 5    84     6     1     1    42    61  -2.579  -2.842  -0.760  -4.497  -5.274  -4.934  0.000  0.000  0.000  0.000 
    IR    85    85 6    85     5     1     1    41    60  -2.408  -0.496  -5.920  -4.087  -5.193          0.000  0.000  0.000  0.000 
                                             [ MATP   26 ]     26     52 c g - -
    MP    86    85 6    90     4     2     2    40    59  -7.659  -7.866  -0.132  -3.675                 -2.270 -2.627 -2.735  1.267 -2.394 -3.575  1.957 -2.854 -2.760  1.208 -3.309 -0.869  1.591 -2.877  1.145 -1.680 
    ML    87    85 6    90     4     1     1    41    60  -3.758  -3.940  -0.507  -2.670                  0.368 -0.385 -0.191  0.094 
    MR    88    85 6    90     4     1     1    40    59  -4.809  -3.838  -1.706  -0.766                  0.368 -0.385 -0.191  0.094 
     D    89    85 6    90     4     0     0    39    58  -4.568  -4.250  -2.265  -0.520                 
    IL    90    90 5    90     4     1     1    42    61  -1.686  -2.369  -1.117  -4.855                  0.000  0.000  0.000  0.000 
    IR    91    91 6    91     3     1     1    41    60  -1.442  -0.798  -4.142                          0.000  0.000  0.000  0.000 
                                             [ MATL   27 ]     27      - u - - -
    ML    92    91 6    94     5     1     1    37    56  -7.609  -0.027  -7.424  -7.636  -8.528          0.565 -0.875 -1.069  0.583 
     D    93    91 6    94     5     0     0    36    55  -5.561  -0.477  -4.823  -3.197  -3.110         
    IL    94    94 3    94     5     1     1    38    56  -2.408  -0.496  -4.087  -5.920  -5.193          0.000  0.000  0.000  0.000 
                                             [ MATP   28 ]     28     51 g c - -
    MP    95    94 3    99     6     2     2    36    55  -9.421  -9.361  -0.017  -8.137  -8.417  -8.812 -3.022 -2.080 -3.047  1.851 -3.412 -3.770  0.692 -3.515 -3.271  2.667 -3.698 -0.016  0.544 -1.919 -0.996 -1.746 
    ML    96    94 3    99     6     1     1    35    54  -6.250  -6.596  -1.310  -1.005  -6.446  -3.975  0.368 -0.385 -0.191  0.094 
    MR    97    94 3    99     6     1     1    35    54  -6.988  -5.717  -1.625  -5.695  -0.829  -3.908  0.368 -0.385 -0.191  0.094 
     D    98    94 3    99     6     0     0    33    52  -9.049  -7.747  -3.544  -4.226  -4.244  -0.319 
    IL    99    99 5    99     6     1     1    36    55  -2.579  -2.842  -0.760  -4.497  -5.274  -4.934  0.000  0.000  0.000  0.000 
    IR   100   100 6   100     5     1     1    36    54  -2.408  -0.496  -5.920  -4.087  -5.193          0.000  0.000  0.000  0.000 
                                             [ MATP   29 ]     29     50 c g - -
    MP   101   100 6   105     6     2     2    34    53  -9.421  -9.361  -0.017  -8.137  -8.417  -8.812 -3.435 -3.363 -3.497  0.791 -2.102 -4.298  2.606 -3.307 -3.457  0.646 -3.972 -1.291  2.062 -3.674 -0.089 -2.354 
    ML   102   100 6   105     6     1     1    34    53  -6.250  -6.596  -1.310  -1.005  -6.446  -3.975  0.368 -0.385 -0.191  0.094 
    MR   103   100 6   105     6     1     1    34    53  -6.988  -5.717  -1.625  -5.695  -0.829  -3.908  0.368 -0.385 -0.191  0.094 
     D   104   100 6   105     6     0     0    32    51  -9.049  -7.747  -3.544  -4.226  -4.244  -0.319 
    IL   105   105 5   105     6     1     1    34    53  -2.579  -2.842  -0.760  -4.497  -5.274  -4.934  0.000  0.000  0.000  0.000 
    IR   106   106 6   106     5     1     1    34    53  -2.408  -0.496  -5.920  -4.087  -5.193          0.000  0.000  0.000  0.000 
                                             [ MATP   30 ]     30     49 c g - -
    MP   107   106 6   111     4     2     2    32    51  -7.659  -7.866  -0.032  -6.280                 -3.522 -3.389 -3.573  0.965 -2.770 -4.372  2.870 -3.361 -3.528  0.662 -4.037 -0.808  1.323 -3.747  0.154 -2.401 
    ML   108   106 6   111     4     1     1    33    52  -3.758  -3.940  -0.507  -2.670                  0.368 -0.385 -0.191  0.094 
    MR   109   106 6   111     4     1     1    33    52  -4.809  -3.838  -1.706  -0.766                  0.368 -0.385 -0.191  0.094 
     D   110   106 6   111     4     0     0    32    51  -4.568  -4.250  -2.265  -0.520                 
    IL   111   111 5   111     4     1     1    35    54  -1.686  -2.369  -1.117  -4.855                  0.000  0.000  0.000  0.000 
    IR   112   112 6   112     3     1     1    34    53  -1.442  -0.798  -4.142                          0.000  0.000  0.000  0.000 
                                             [ MATL   31 ]     31      - A - - -
    ML   113   112 6   115     3     1     1    29    48  -8.635  -0.013  -7.289                          1.367 -1.385 -1.158 -0.760 
     D   114   112 6   115     3     0     0    29    48  -6.174  -1.687  -0.566                         
    IL   115   115 3   115     3     1     1    33    51  -1.442  -0.798  -4.142                          0.000  0.000  0.000  0.000 
                                             [ MATL   32 ]     32      - g - - -
    ML   116   115 3   118     3     1     1    28    47  -8.635  -0.013  -7.289                          0.530 -1.787  0.833 -1.042 
     D   117   115 3   118     3     0     0    28    46  -6.174  -1.687  -0.566                         
    IL   118   118 3   118     3     1     1    32    50  -1.442  -0.798  -4.142                          0.000  0.000  0.000  0.000 
                                             [ MATL   33 ]     33      - U - - -
    ML   119   118 3   121     3     1     1    27    45  -8.635  -0.013  -7.289                         -2.754 -2.543 -3.529  1.845 
     D   120   118 3   121     3     0     0    27    45  -6.174  -1.687  -0.566                         
    IL   121   121 3   121     3     1     1    31    49  -1.442  -0.798  -4.142                          0.000  0.000  0.000  0.000 
                                             [ MATL   34 ]     34      - G - - -
    ML   122   121 3   124     3     1     1    26    44  -8.635  -0.013  -7.289                         -2.489 -4.030  1.875 -3.422 
     D   123   121 3   124     3     0     0    25    44  -6.174  -1.687  -0.566                         
    IL   124   124 3   124     3     1     1    30    48  -1.442  -0.798  -4.142                          0.000  0.000  0.000  0.000 
                                             [ MATL   35 ]     35      - A - - -
    ML   125   124 3   127     3     1     1    24    43  -8.990  -0.012  -7.307                          1.895 -3.700 -3.213 -3.375 
     D   126   124 3   127     3     0     0    23    42  -5.620  -0.734  -1.403                         
    IL   127   127 3   127     3     1     1    26    44  -1.925  -0.554  -4.164                          0.000  0.000  0.000  0.000 
                                             [ MATR   36 ]      -     48 - A - -
    MR   128   127 3   130     3     1     1    23    42  -8.990  -0.012  -7.307                          1.895 -3.700 -3.213 -3.375 
     D   129   127 3   130     3     0     0    22    40  -6.390  -1.568  -0.620                         
    IR   130   130 3   130     3     1     1    25    43  -1.925  -0.554  -4.164                          0.000  0.000  0.000  0.000 
                                             [ MATR   37 ]      -     47 - G - -
    MR   131   130 3   133     5     1     1    22    41  -7.694  -0.026  -7.509  -7.722  -8.613         -2.453 -3.871  1.862 -3.139 
     D   132   130 3   133     5     0     0    21    39  -5.352  -0.707  -2.978  -4.409  -2.404         
    IR   133   133 3   133     5     1     1    23    41  -2.408  -0.496  -5.920  -4.087  -5.193          0.000  0.000  0.000  0.000 
                                             [ MATP   38 ]     36     46 g c - -
    MP   134   133 3   138     6     2     2    21    40  -9.421  -9.361  -0.017  -8.137  -8.417  -8.812 -2.116 -2.353 -2.890  1.472 -3.079 -3.646  1.264 -2.623 -3.060  2.676 -2.787 -0.244  0.584 -2.927 -0.934 -2.003 
    ML   135   133 3   138     6     1     1    20    38  -6.250  -6.596  -1.310  -1.005  -6.446  -3.975  0.368 -0.385 -0.191  0.094 
    MR   136   133 3   138     6     1     1    20    38  -6.988  -5.717  -1.625  -5.695  -0.829  -3.908  0.368 -0.385 -0.191  0.094 
     D   137   133 3   138     6     0     0    18    36  -9.049  -7.747  -3.544  -4.226  -4.244  -0.319 
    IL   138   138 5   138     6     1     1    21    39  -2.579  -2.842  -0.760  -4.497  -5.274  -4.934  0.000  0.000  0.000  0.000 
    IR   139   139 6   139     5     1     1    21    39  -2.408  -0.496  -5.920  -4.087  -5.193          0.000  0.000  0.000  0.000 
                                             [ MATP   39 ]     37     45 G C - -
    MP   140   139 6   144     6     2     2    19    38  -9.421  -9.361  -0.017  -8.137  -8.417  -8.812 -4.833 -2.663 -4.819  0.295 -5.686 -4.824 -0.673 -5.326 -4.614  3.636 -4.900 -0.882 -0.907 -4.444 -2.873 -3.746 
    ML   141   139 6   144     6     1     1    18    36  -6.250  -6.596  -1.310  -1.005  -6.446  -3.975  0.368 -0.385 -0.191  0.094 
    MR   142   139 6   144     6     1     1    18    36  -6.988  -5.717  -1.625  -5.695  -0.829  -3.908  0.368 -0.385 -0.191  0.094 
     D   143   139 6   144     6     0     0    16    34  -9.049  -7.747  -3.544  -4.226  -4.244  -0.319 
    IL   144   144 5   144     6     1     1    19    37  -2.579  -2.842  -0.760  -4.497  -5.274  -4.934  0.000  0.000  0.000  0.000 
    IR   145   145 6   145     5     1     1    19    37  -2.408  -0.496  -5.920  -4.087  -5.193          0.000  0.000  0.000  0.000 
                                             [ MATP   40 ]     38     44 u a - -
    MP   146   145 6   150     4     2     2    17    36  -7.659  -1.459  -0.693  -6.280                 -1.290 -1.860 -1.863  1.542 -1.844 -2.605  1.537 -2.205 -1.036  1.009 -2.498 -0.520  1.565 -1.827 -0.090  0.018 
    ML   147   145 6   150     4     1     1    17    35  -3.758  -3.940  -0.507  -2.670                  0.368 -0.385 -0.191  0.094 
    MR   148   145 6   150     4     1     1    17    35  -4.809  -3.838  -1.706  -0.766                  0.368 -0.385 -0.191  0.094 
     D   149   145 6   150     4     0     0    16    34  -4.568  -4.250  -2.265  -0.520                 
    IL   150   150 5   150     4     1     1    18    36  -1.686  -2.369  -1.117  -4.855                  0.000  0.000  0.000  0.000 
    IR   151   151 6   151     3     1     1    16    34  -2.319  -0.366  -5.391                          0.000  0.000  0.000  0.000 
                                             [ MATL   41 ]     39      - u - - -
    ML   152   151 6   154     3     1     1    14    33  -8.635  -0.013  -7.289                         -0.459 -0.328 -0.901  0.956 
     D   153   151 6   154     3     0     0    15    33  -6.174  -1.687  -0.566                         
    IL   154   154 3   154     3     1     1    19    37  -1.442  -0.798  -4.142                          0.000  0.000  0.000  0.000 
                                             [ MATL   42 ]     40      - u - - -
    ML   155   154 3   157     3     1     1    13    31  -8.635  -0.071  -4.454                         -0.080 -0.294 -1.346  0.884 
     D   156   154 3   157     3     0     0    13    32  -6.174  -1.687  -0.566                         
    IL   157   157 3   157     3     1     1    18    36  -1.442  -0.798  -4.142                          0.000  0.000  0.000  0.000 
                                             [ MATL   43 ]     41      - a - - -
    ML   158   157 3   160     2     1     1     1     1       *   0.000                                  0.424  0.116 -1.295  0.222 
     D   159   157 3   160     2     0     0     0     0       *   0.000                                 
    IL   160   160 3   160     2     1     1    13    28  -1.823  -0.479                                  0.000  0.000  0.000  0.000 
                                             [ END    44 ]      -      - - - - -
     E   161   160 3    -1     0     0     0     0     0                                                 
                                             [ BEGR   45 ]      -      - - - - -
     S   162    60 1   163     3     5    33   218   379  -8.635  -0.024  -6.140                         
    IL   163   163 2   163     3     5    33   220   380  -1.442  -0.798  -4.142                          0.000  0.000  0.000  0.000 
                                             [ MATL   46 ]     57      - U - - -
    ML   164   163 2   166     3     6    33   218   379  -8.623  -0.013  -7.278                         -0.705 -1.130 -1.164  1.312 
     D   165   163 2   166     3     1    27   216   376  -6.331  -1.391  -0.722                         
    IL   166   166 3   166     3     4    32   219   379  -1.442  -0.798  -4.142                          0.000  0.000  0.000  0.000 
                                             [ MATL   47 ]     58      - A - - -
    ML   167   166 3   169     3     5    33   217   378  -4.865  -0.060  -7.289                          1.025 -1.337 -1.481  0.275 
     D   168   166 3   169     3     1    26   214   375  -6.174  -1.687  -0.566                         
    IL   169   169 3   169     3     4    32   218   378  -1.543  -0.720  -4.332                          0.000  0.000  0.000  0.000 
                                             [ MATL   48 ]     61      - U - - -
    ML   170   169 3   172     3     5    32   216   377  -8.635  -0.013  -7.289                         -1.869 -1.716 -2.441  1.695 
     D   171   169 3   172     3     1    26   213   374  -6.174  -1.687  -0.566                         
    IL   172   172 3   172     3     4    31   217   377  -1.442  -0.798  -4.142                          0.000  0.000  0.000  0.000 
                                             [ MATL   49 ]     62      - U - - -
    ML   173   172 3   175     3     5    31   215   376  -8.635  -0.013  -7.289                         -2.754 -2.543 -3.529  1.845 
     D   174   172 3   175     3     1    25   212   373  -6.174  -1.687  -0.566                         
    IL   175   175 3   175     3     3    30   216   376  -1.442  -0.798  -4.142                          0.000  0.000  0.000  0.000 
                                             [ MATL   50 ]     63      - G - - -
    ML   176   175 3   178     3     4    30   214   375  -8.635  -0.013  -7.289                         -2.896 -4.274  1.900 -3.633 
     D   177   175 3   178     3     0    24   211   372  -6.174  -1.687  -0.566                         
    IL   178   178 3   178     3     3    29   215   375  -1.442  -0.798  -4.142                          0.000  0.000  0.000  0.000 
                                             [ MATL   51 ]     64      - C - - -
    ML   179   178 3   181     3     4    29   213   374  -8.635  -0.013  -7.289                         -3.319  1.871 -4.097 -2.456 
     D   180   178 3   181     3     0    23   210   371  -6.174  -1.687  -0.566                         
    IL   181   181 3   181     3     3    28   214   374  -1.442  -0.798  -4.142                          0.000  0.000  0.000  0.000 
                                             [ MATL   52 ]     65      - U - - -
    ML   182   181 3   184     3     4    28   212   373  -8.635  -0.013  -7.289                         -2.454 -2.120 -3.212  1.799 
     D   183   181 3   184     3     0    22   209   370  -6.174  -1.687  -0.566                         
    IL   184   184 3   184     3     2    27   213   373  -1.442  -0.798  -4.142                          0.000  0.000  0.000  0.000 
                                             [ MATL   53 ]     66      - A - - -
    ML   185   184 3   187     3     4    28   211   372  -8.635  -0.013  -7.289                          1.182 -2.034  0.173 -1.472 
     D   186   184 3   187     3     0    22   208   369  -6.174  -1.687  -0.566                         
    IL   187   187 3   187     3     2    26   212   372  -1.442  -0.798  -4.142                          0.000  0.000  0.000  0.000 
                                             [ MATL   54 ]     67      - G - - -
    ML   188   187 3   190     3     3    27   210   371  -6.282  -0.028  -7.289                         -0.011 -2.285  1.318 -1.696 
     D   189   187 3   190     3     0    21   207   368  -6.174  -1.687  -0.566                         
    IL   190   190 3   190     3     2    26   211   371  -1.496  -0.759  -4.196                          0.000  0.000  0.000  0.000 
                                             [ MATL   55 ]     69      - U - - -
    ML   191   190 3   193     3     3    26   209   370  -8.635  -0.013  -7.289                         -2.754 -2.543 -3.529  1.845 
     D   192   190 3   193     3     0    20   206   367  -6.174  -1.687  -0.566                         
    IL   193   193 3   193     3     2    25   210   370  -1.442  -0.798  -4.142                          0.000  0.000  0.000  0.000 
                                             [ MATL   56 ]     70      - U - - -
    ML   194   193 3   196     3     2    25   208   369  -8.635  -0.013  -7.289                         -1.690 -1.784 -2.374  1.681 
     D   195   193 3   196     3     0    19   205   366  -6.174  -1.687  -0.566                         
    IL   196   196 3   196     3     1    24   209   369  -1.442  -0.798  -4.142                          0.000  0.000  0.000  0.000 
                                             [ MATL   57 ]     71      - G - - -
    ML   197   196 3   199     3     2    24   207   368  -8.635  -0.026  -6.041                         -1.901 -3.147  1.764 -2.168 
     D   198   196 3   199     3     0    19   204   365  -6.174  -1.687  -0.566                         
    IL   199   199 3   199     3     1    23   208   368  -1.442  -0.798  -4.142                          0.000  0.000  0.000  0.000 
                                             [ MATL   58 ]     72      - A - - -
    ML   200   199 3   202     3     2    24   206   367  -8.622  -0.013  -7.276                          1.610 -1.498 -1.829 -1.681 
     D   201   199 3   202     3     0    18   203   364  -6.350  -1.863  -0.489                         
    IL   202   202 3   202     3     1    23   207   367  -1.442  -0.798  -4.142                          0.000  0.000  0.000  0.000 
                                             [ MATL   59 ]     73      - A - - -
    ML   203   202 3   205     3     2    23   205   366  -8.622  -0.017  -6.779                          1.893 -3.676 -3.191 -3.349 
     D   204   202 3   205     3     0    17   202   363  -6.350  -1.863  -0.489                         
    IL   205   205 3   205     3     1    22   206   366  -1.442  -0.798  -4.142                          0.000  0.000  0.000  0.000 
                                             [ MATL   60 ]     74      - A - - -
    ML   206   205 3   208     3     2    22   204   365  -8.618  -0.013  -7.272                          1.854 -3.256 -2.922 -2.758 
     D   207   205 3   208     3     0    17   201   362  -6.398  -1.911  -0.469                         
    IL   208   208 3   208     3     1    21   205   365  -1.442  -0.798  -4.142                          0.000  0.000  0.000  0.000 
                                             [ MATL   61 ]     75      - A - - -
    ML   209   208 3   211     3     1    21   203   364  -8.618  -0.028  -5.885                          1.665 -2.252 -2.219 -1.303 
     D   210   208 3   211     3     0    16   200   361  -6.398  -1.911  -0.469                         
    IL   211   211 3   211     3     1    21   204   364  -1.442  -0.798  -4.142                          0.000  0.000  0.000  0.000 
                                             [ MATL   62 ]     76      - C - - -
    ML   212   211 3   214     3     1    20   202   363  -8.603  -0.013  -7.257                         -1.209  1.391 -2.360 -0.415 
     D   213   211 3   214     3     0    16   199   360  -6.575  -2.088  -0.407                         
    IL   214   214 3   214     3     1    20   203   363  -1.442  -0.798  -4.142                          0.000  0.000  0.000  0.000 
                                             [ MATL   63 ]     77      - U - - -
    ML   215   214 3   217     3     1    20   201   362  -8.603  -0.013  -7.257                         -1.174 -1.709 -2.382  1.613 
     D   216   214 3   217     3     0    15   198   359  -6.575  -2.088  -0.407                         
    IL   217   217 3   217     3     1    19   202   362  -1.442  -0.798  -4.142                          0.000  0.000  0.000  0.000 
                                             [ MATL   64 ]     78      - A - - -
    ML   218   217 3   220     3     1    19   200   361  -8.603  -0.013  -7.257                          1.022 -1.247 -1.091  0.108 
     D   219   217 3   220     3     0    15   198   358  -6.575  -2.088  -0.407                         
    IL   220   220 3   220     3     1    18   201   362  -1.442  -0.798  -4.142                          0.000  0.000  0.000  0.000 
                                             [ MATL   65 ]     79      - u - - -
    ML   221   220 3   223     3     1    18   199   360  -8.603  -0.013  -7.257                         -0.116  0.146 -1.249  0.632 
     D   222   220 3   223     3     0    14   197   358  -6.575  -1.157  -0.886                         
    IL   223   223 3   223     3     1    17   200   361  -1.442  -0.798  -4.142                          0.000  0.000  0.000  0.000 
                                             [ MATL   66 ]     80      - u - - -
    ML   224   223 3   226     3     1    17   198   359  -2.101  -0.395  -7.285                          0.411 -0.683 -1.135  0.671 
     D   225   223 3   226     3     0    14   196   356  -6.229  -1.742  -0.540                         
    IL   226   226 3   226     3     1    17   199   360  -0.958  -1.213  -4.215                          0.000  0.000  0.000  0.000 
                                             [ MATL   67 ]     87      - c - - -
    ML   227   226 3   229     3     1    16   197   358  -8.588  -0.171  -3.191                         -0.165  0.561 -1.245  0.276 
     D   228   226 3   229     3     0    13   195   356  -6.728  -1.237  -0.820                         
    IL   229   229 3   229     3     1    16   198   358  -1.442  -0.798  -4.142                          0.000  0.000  0.000  0.000 
                                             [ MATL   68 ]     88      - C - - -
    ML   230   229 3   232     3     1    15   196   357  -8.466  -0.015  -7.120                         -0.696  1.156 -1.920 -0.169 
     D   231   229 3   232     3     0    12   194   355  -7.565  -0.561  -1.657                         
    IL   232   232 3   232     3     1    15   196   357  -1.442  -0.798  -4.142                          0.000  0.000  0.000  0.000 
                                             [ MATL   69 ]     89      - c - - -
    ML   233   232 3   235     3     1    14   195   356  -8.619  -0.017  -6.750                         -0.503  0.815 -1.742  0.306 
     D   234   232 3   235     3     0    11   193   353  -6.383  -1.896  -0.475                         
    IL   235   235 3   235     3     1    14   196   356  -1.442  -0.798  -4.142                          0.000  0.000  0.000  0.000 
                                             [ MATL   70 ]     90      - a - - -
    ML   236   235 3   238     3     1    13   194   355  -8.615  -0.013  -7.269                          0.882 -1.238  0.029 -0.489 
     D   237   235 3   238     3     0    10   192   353  -6.433  -1.352  -0.745                         
    IL   238   238 3   238     3     1    13   195   355  -1.442  -0.798  -4.142                          0.000  0.000  0.000  0.000 
                                             [ MATL   71 ]     91      - A - - -
    ML   239   238 3   241     3     1    12   193   354  -8.631  -0.045  -5.162                          1.592 -2.025 -1.751 -1.175 
     D   240   238 3   241     3     0    10   191   351  -6.229  -1.742  -0.540                         
    IL   241   241 3   241     3     1    13   194   354  -1.442  -0.798  -4.142                          0.000  0.000  0.000  0.000 
                                             [ MATL   72 ]     92      - u - - -
    ML   242   241 3   244     3     1    12   192   353  -8.600  -0.284  -2.506                         -0.190  0.094 -0.995  0.636 
     D   243   241 3   244     3     0     9   190   351  -6.612  -2.125  -0.395                         
    IL   244   244 3   244     3     1    12   193   354  -1.442  -0.798  -4.142                          0.000  0.000  0.000  0.000 
                                             [ MATL   73 ]     93      - a - - -
    ML   245   244 3   247     3     1    11   191   352  -1.728  -0.535  -6.986                          0.584 -0.196 -0.791  0.070 
     D   246   244 3   247     3     0     9   190   350  -8.096  -0.370  -2.167                         
    IL   247   247 3   247     3     1    11   191   352  -2.076  -0.445  -5.143                          0.000  0.000  0.000  0.000 
                                             [ MATL   74 ]     97      - C - - -
    ML   248   247 3   250     3     1    10   190   351  -8.618  -0.013  -7.272                         -0.546  1.112 -1.166 -0.499 
     D   249   247 3   250     3     0     8   188   349  -6.398  -1.409  -0.709                         
    IL   250   250 3   250     3     1    10   191   351  -1.442  -0.798  -4.142                          0.000  0.000  0.000  0.000 
                                             [ MATL   75 ]     98      - c - - -
    ML   251   250 3   253     3     1     9   189   350  -8.631  -0.028  -5.878                         -0.172  0.507 -0.306 -0.181 
     D   252   250 3   253     3     0     7   187   348  -6.229  -1.742  -0.540                         
    IL   253   253 3   253     3     1     9   190   350  -1.442  -0.798  -4.142                          0.000  0.000  0.000  0.000 
                                             [ MATL   76 ]     99      - C - - -
    ML   254   253 3   256     2     1     8   188   349  -9.110  -0.003                                 -1.743  1.622 -2.634 -1.113 
     D   255   253 3   256     2     0     7   187   348  -8.462  -0.004                                 
    IL   256   256 3   256     2     1     8   188   349  -1.823  -0.479                                  0.000  0.000  0.000  0.000 
                                             [ BIF    77 ]      -      - - - - -
     B   257   256 3   258   353     0     7   187   348                                                 
                                             [ BEGL   78 ]      -      - - - - -
     S   258   257 1   259     4     0     0   128   249  -0.054  -5.752  -6.643  -6.941                 
                                             [ MATP   79 ]    100    168 g c - -
    MP   259   258 1   263     6     2     2   128   249  -9.406  -9.345  -0.097  -4.132  -8.401  -8.796 -2.562 -1.879 -2.676  0.972 -2.665 -3.472  1.390 -2.984 -2.786  2.338 -3.297 -0.474  0.946 -1.956  0.949 -1.685 
    ML   260   258 1   263     6     1     1   126   247  -6.462  -6.808  -1.523  -0.819  -6.658  -4.188  0.117 -0.374 -0.472  0.509 
    MR   261   258 1   263     6     1     1   126   247  -6.988  -5.717  -1.625  -5.695  -0.829  -3.908  0.368 -0.385 -0.191  0.094 
     D   262   258 1   263     6     0     0   123   243  -9.090  -7.789  -3.586  -4.268  -4.285  -0.309 
    IL   263   263 5   263     6     1     1   128   248  -2.579  -2.842  -0.760  -4.497  -5.274  -4.934  0.000  0.000  0.000  0.000 
    IR   264   264 6   264     5     1     1   128   248  -2.408  -0.496  -5.920  -4.087  -5.193          0.000  0.000  0.000  0.000 
                                             [ MATP   80 ]    101    167 c g - -
    MP   265   264 6   269     6     2     2   127   247  -9.326  -9.266  -0.018  -8.042  -8.322  -8.717 -3.124 -3.061 -3.213  0.664 -2.573 -4.026  2.644 -3.122 -3.195  1.090 -3.719 -1.068  1.519 -3.373  0.392 -1.271 
    ML   266   264 6   269     6     1     1   124   245  -7.273  -7.619  -1.833  -1.064  -7.469  -2.160 -0.115 -0.557 -0.520  0.765 
    MR   267   264 6   269     6     1     1   125   245  -6.988  -5.717  -1.625  -5.695  -0.829  -3.908  0.368 -0.385 -0.191  0.094 
     D   268   264 6   269     6     0     0   122   243  -9.090  -7.789  -3.586  -4.268  -4.285  -0.309 
    IL   269   269 5   269     6     1     1   126   246  -2.579  -2.842  -0.760  -4.497  -5.274  -4.934  0.000  0.000  0.000  0.000 
    IR   270   270 6   270     5     1     1   126   246  -2.408  -0.496  -5.920  -4.087  -5.193          0.000  0.000  0.000  0.000 
                                             [ MATP   81 ]    102    166 c g - -
    MP   271   270 6   275     4     2     2   125   245  -2.921  -8.620  -0.755  -1.873                 -2.150 -2.576 -2.685  0.944 -2.192 -2.941  2.513 -2.797 -2.705  1.084 -3.254 -0.458  1.516 -2.828 -0.113 -1.754 
    ML   272   270 6   275     4     1     1   123   244  -3.412  -5.535  -0.972  -1.416                  0.415 -0.439 -0.087 -0.019 
    MR   273   270 6   275     4     1     1   124   244  -4.102 -12.528  -0.390  -2.485                  0.368 -0.385 -0.191  0.094 
     D   274   270 6   275     4     0     0   121   242 -14.532 -15.801  -3.830  -0.105                 
    IL   275   275 5   275     4     1     1   124   244  -2.839  -5.109  -0.479  -3.136                  0.000  0.000  0.000  0.000 
    IR   276   276 6   276     3     1     1   124   245  -1.925  -0.554  -4.164                          0.000  0.000  0.000  0.000 
                                             [ MATR   82 ]      -    165 - u - -
    MR   277   276 6   279     5     1     1   123   243  -4.359  -0.148  -5.817  -5.782  -6.296          0.108 -0.276 -0.972  0.666 
     D   278   276 6   279     5     0     0   121   242  -6.966  -0.329  -3.595  -5.497  -3.456         
    IR   279   279 3   279     5     1     1   123   243  -2.585  -0.429  -6.096  -4.264  -5.370          0.000  0.000  0.000  0.000 
                                             [ MATP   83 ]    105    163 a u - -
    MP   280   279 3   284     6     2     2   122   243  -9.376  -9.315  -0.017  -8.092  -8.372  -8.767 -1.636 -1.824 -1.654  1.580 -1.763 -2.728  1.541 -2.088 -1.946  1.080 -2.516 -0.246  1.554 -1.467 -0.039 -0.259 
    ML   281   279 3   284     6     1     1   119   240  -6.547  -6.894  -1.608  -0.904  -3.905  -4.273  0.362 -0.505 -0.127  0.130 
    MR   282   279 3   284     6     1     1   119   240  -7.115  -5.844  -1.656  -5.823  -0.787  -4.036  0.571 -0.587 -0.118 -0.109 
     D   283   279 3   284     6     0     0   114   235  -9.341  -8.039  -3.836  -3.186  -4.536  -0.374 
    IL   284   284 5   284     6     1     1   121   242  -2.579  -2.842  -0.760  -4.497  -5.274  -4.934  0.000  0.000  0.000  0.000 
    IR   285   285 6   285     5     1     1   121   241  -2.408  -0.496  -5.920  -4.087  -5.193          0.000  0.000  0.000  0.000 
                                             [ MATP   84 ]    106    162 u a - -
    MP   286   285 6   290     6     2     2   120   241  -8.223  -9.318  -0.020  -8.094  -8.374  -8.769 -1.593 -1.975 -1.745  1.268 -1.594 -2.853  1.547 -2.328 -2.074  1.526 -2.639 -0.284  1.664 -2.065 -0.085 -0.587 
    ML   287   285 6   290     6     1     1   117   238  -6.539  -6.885  -1.600  -0.763  -6.735  -4.265  0.303 -0.174 -0.511  0.236 
    MR   288   285 6   290     6     1     1   117   237  -7.166  -5.895  -1.803  -5.873  -0.837  -3.145  0.242 -0.468 -0.022  0.150 
     D   289   285 6   290     6     0     0   113   233  -9.242  -7.941  -2.515  -4.420  -4.437  -0.461 
    IL   290   290 5   290     6     1     1   119   240  -2.611  -2.873  -0.739  -4.529  -5.305  -4.965  0.000  0.000  0.000  0.000 
    IR   291   291 6   291     5     1     1   119   239  -2.408  -0.496  -5.920  -4.087  -5.193          0.000  0.000  0.000  0.000 
                                             [ MATP   85 ]    108    161 g c - -
    MP   292   291 6   296     6     2     2   118   239  -9.386  -6.291  -0.034  -8.102  -8.382  -8.777 -1.750 -1.736 -0.844  1.345 -1.931 -2.782  1.461 -1.531 -1.738  1.716 -2.576 -0.391  1.202 -2.070  0.313 -0.998 
    ML   293   291 6   296     6     1     1   115   236  -6.539  -6.885  -1.388  -0.896  -6.735  -4.265  0.320 -0.242 -0.499  0.261 
    MR   294   291 6   296     6     1     1   115   236  -7.085  -5.814  -1.441  -5.792  -0.926  -4.006  0.612 -0.552 -0.253 -0.073 
     D   295   291 6   296     6     0     0   110   231  -9.211  -7.909  -3.706  -4.388  -2.972  -0.430 
    IL   296   296 5   296     6     1     1   117   238  -2.579  -2.842  -0.760  -4.497  -5.274  -4.934  0.000  0.000  0.000  0.000 
    IR   297   297 6   297     5     1     1   117   237  -2.521  -0.452  -6.032  -4.200  -5.306          0.000  0.000  0.000  0.000 
                                             [ MATP   86 ]    109    159 c g - -
    MP   298   297 6   302     6     2     2   116   237  -9.399  -9.339  -0.017  -8.115  -8.395  -8.790 -1.542 -1.826 -0.635  1.117 -1.656 -2.663  1.524 -1.856 -1.387  1.137 -2.194 -0.473  1.436 -1.952  0.776 -0.438 
    ML   299   297 6   302     6     1     1   113   234  -6.462  -6.808  -1.523  -0.819  -6.658  -4.188  0.458 -0.619  0.078 -0.121 
    MR   300   297 6   302     6     1     1   113   234  -7.073  -5.802  -1.461  -5.781  -0.914  -3.994  0.339 -0.554  0.156 -0.090 
     D   301   297 6   302     6     0     0   107   228  -9.090  -7.789  -3.586  -4.268  -4.285  -0.309 
    IL   302   302 5   302     6     1     1   115   236  -2.579  -2.842  -0.760  -4.497  -5.274  -4.934  0.000  0.000  0.000  0.000 
    IR   303   303 6   303     5     1     1   115   235  -2.408  -0.496  -5.920  -4.087  -5.193          0.000  0.000  0.000  0.000 
                                             [ MATP   87 ]    110    158 g c - -
    MP   304   303 6   308     6     2     2   114   235  -7.476  -9.345  -0.046  -6.993  -6.120  -8.796 -2.067 -1.878 -1.637  1.189 -2.237 -2.545  1.696 -2.571 -2.318  1.946 -2.863  0.181  1.135 -2.343 -0.098 -1.174 
    ML   305   303 6   308     6     1     1   111   232  -6.462  -6.808  -1.523  -0.819  -6.658  -4.188  0.234 -0.462 -0.041  0.170 
    MR   306   303 6   308     6     1     1   111   232  -6.988  -5.717  -1.625  -5.695  -0.829  -3.908  0.368 -0.385 -0.191  0.094 
     D   307   303 6   308     6     0     0   105   226  -9.090  -7.789  -3.586  -4.268  -4.285  -0.309 
    IL   308   308 5   308     6     1     1   113   234  -2.650  -2.913  -0.713  -4.568  -5.344  -5.004  0.000  0.000  0.000  0.000 
    IR   309   309 6   309     5     1     1   113   234  -2.408  -0.496  -5.920  -4.087  -5.193          0.000  0.000  0.000  0.000 
                                             [ MATP   88 ]    112    157 g c - -
    MP   310   309 6   314     6     2     2   112   233  -9.383  -9.322  -0.017  -8.098  -8.378  -8.773 -1.962 -1.892 -2.227  1.402 -2.240 -2.652  1.369 -1.560 -2.302  1.896 -2.832  0.471  1.281 -2.333 -0.218 -1.374 
    ML   311   309 6   314     6     1     1   109   230  -6.546  -6.892  -1.128  -1.114  -6.742  -4.272  0.416 -0.530 -0.126  0.080 
    MR   312   309 6   314     6     1     1   109   230  -7.204  -5.933  -1.257  -5.912  -1.045  -4.125  0.084 -0.382 -0.508  0.555 
     D   313   309 6   314     6     0     0   102   223  -9.090  -7.789  -3.586  -4.268  -4.285  -0.309 
    IL   314   314 5   314     6     1     1   111   232  -2.579  -2.842  -0.760  -4.497  -5.274  -4.934  0.000  0.000  0.000  0.000 
    IR   315   315 6   315     5     1     1   111   231  -2.408  -0.496  -5.920  -4.087  -5.193          0.000  0.000  0.000  0.000 
                                             [ MATP   89 ]    113    156 c g - -
    MP   316   315 6   320     6     2     2   110   231  -9.413  -9.353  -0.017  -8.129  -8.409  -8.804 -2.266 -2.045 -2.260  1.335 -1.928 -3.274  1.968 -2.644 -2.475  1.324 -3.033 -0.546  1.725 -2.569  0.031 -1.340 
    ML   317   315 6   320     6     1     1   107   228  -6.346  -6.693  -1.407  -0.914  -6.542  -4.072  0.245 -0.069 -0.405  0.147 
    MR   318   315 6   320     6     1     1   106   227  -6.988  -5.717  -1.625  -5.695  -0.829  -3.908  0.368 -0.385 -0.191  0.094 
     D   319   315 6   320     6     0     0    99   220  -9.090  -7.789  -3.586  -4.268  -4.285  -0.309 
    IL   320   320 5   320     6     1     1   109   230  -2.579  -2.842  -0.760  -4.497  -5.274  -4.934  0.000  0.000  0.000  0.000 
    IR   321   321 6   321     5     1     1   109   229  -2.408  -0.496  -5.920  -4.087  -5.193          0.000  0.000  0.000  0.000 
                                             [ MATP   90 ]    114    155 c g - -
    MP   322   321 6   326     6     2     2   108   229  -9.413  -3.938  -0.263  -8.129  -8.409  -3.423 -2.613 -2.615 -2.755  1.028 -2.425 -3.590  2.376 -2.877 -2.516  1.411 -2.729 -0.515  1.517 -2.892 -0.189 -1.605 
    ML   323   321 6   326     6     1     1   105   225  -6.346  -6.693  -1.407  -1.101  -6.542  -3.010  0.240 -0.364 -0.336  0.321 
    MR   324   321 6   326     6     1     1   104   225  -6.988  -5.717  -1.625  -5.695  -0.829  -3.908  0.368 -0.385 -0.191  0.094 
     D   325   321 6   326     6     0     0    95   216  -9.090  -7.789  -3.586  -4.268  -4.285  -0.309 
    IL   326   326 5   326     6     1     1   107   228  -2.579  -2.842  -0.760  -4.497  -5.274  -4.934  0.000  0.000  0.000  0.000 
    IR   327   327 6   327     5     1     1   107   228  -2.859  -0.335  -6.491  -4.658  -5.764          0.000  0.000  0.000  0.000 
                                             [ MATP   91 ]    115    152 u a - -
    MP   328   327 6   332     6     2     2   107   227  -9.276  -9.215  -0.022  -7.991  -8.271  -7.759 -1.089 -1.766 -1.502  1.187 -1.741 -2.299  1.483 -1.868 -1.599  1.090 -2.394 -0.394  1.717 -1.600  0.516 -0.789 
    ML   329   327 6   332     6     1     1   102   222  -6.250  -6.596  -1.310  -1.005  -6.446  -3.975  0.368 -0.385 -0.191  0.094 
    MR   330   327 6   332     6     1     1   100   221  -6.988  -5.717  -1.625  -5.695  -0.829  -3.908  0.368 -0.385 -0.191  0.094 
     D   331   327 6   332     6     0     0    87   208 -10.645  -9.343  -5.140  -5.822  -5.839  -0.098 
    IL   332   332 5   332     6     1     1   105   226  -2.579  -2.842  -0.760  -4.497  -5.274  -4.934  0.000  0.000  0.000  0.000 
    IR   333   333 6   333     5     1     1   105   226  -2.408  -0.496  -5.920  -4.087  -5.193          0.000  0.000  0.000  0.000 
                                             [ MATP   92 ]    116    151 c g - -
    MP   334   333 6   338     4     2     2   105   225  -1.683  -4.604  -0.980  -2.829                 -1.228 -1.784 -1.603  1.256 -1.699 -2.488  1.613 -1.918 -1.854  1.181 -2.423  0.026  1.490 -1.715  0.070 -0.246 
    ML   335   333 6   338     4     1     1    94   215  -3.758  -3.940  -0.507  -2.670                  0.368 -0.385 -0.191  0.094 
    MR   336   333 6   338     4     1     1    89   210  -4.809  -3.838  -1.706  -0.766                  0.368 -0.385 -0.191  0.094 
     D   337   333 6   338     4     0     0    83   203  -6.119  -5.800  -0.816  -1.323                 
    IL   338   338 5   338     4     1     1   110   231  -0.220  -3.785  -4.304  -5.761                  0.000  0.000  0.000  0.000 
    IR   339   339 6   339     3     1     1    19    37  -1.674  -1.407  -1.692                          0.000  0.000  0.000  0.000 
                                             [ MATL   93 ]    145      - u - - -
    ML   340   339 6   342     3     1     1    16    34  -8.084  -0.019  -6.738                         -0.051 -0.423 -0.454  0.641 
     D   341   339 6   342     3     0     0    15    33  -8.678  -0.461  -1.883                         
    IL   342   342 3   342     3     1     1    20    38  -1.442  -0.798  -4.142                          0.000  0.000  0.000  0.000 
                                             [ MATL   94 ]    146      - u - - -
    ML   343   342 3   345     3     1     1    14    33  -8.548  -0.014  -7.202                          0.406 -0.726 -1.183  0.705 
     D   344   342 3   345     3     0     0    14    33  -7.071  -1.721  -0.537                         
    IL   345   345 3   345     3     1     1    19    37  -1.442  -0.798  -4.142                          0.000  0.000  0.000  0.000 
                                             [ MATL   95 ]    147      - a - - -
    ML   346   345 3   348     3     1     1    13    31  -8.574  -0.059  -4.742                          0.392  0.288 -1.272  0.075 
     D   347   345 3   348     3     0     0    13    31  -6.859  -1.453  -0.676                         
    IL   348   348 3   348     3     1     1    18    36  -1.442  -0.798  -4.142                          0.000  0.000  0.000  0.000 
                                             [ MATL   96 ]    148      - a - - -
    ML   349   348 3   351     2     1     1     1     1       *   0.000                                  0.584 -0.873  0.041 -0.110 
     D   350   348 3   351     2     0     0     0     0       *   0.000                                 
    IL   351   351 3   351     2     1     1    13    28  -1.823  -0.479                                  0.000  0.000  0.000  0.000 
                                             [ END    97 ]      -      - - - - -
     E   352   351 3    -1     0     0     0     0     0                                                 
                                             [ BEGR   98 ]      -      - - - - -
     S   353   257 1   354     3     0     0   151   312  -8.635  -0.044  -5.198                         
    IL   354   354 2   354     3     1     1   153   313  -1.442  -0.798  -4.142                          0.000  0.000  0.000  0.000 
                                             [ MATL   99 ]    169      - A - - -
    ML   355   354 2   357     3     1     1   151   312  -8.604  -0.013  -7.258                          1.719 -2.139 -2.295 -1.847 
     D   356   354 2   357     3     0     0   148   309  -6.560  -2.073  -0.412                         
    IL   357   357 3   357     3     1     1   152   312  -1.442  -0.798  -4.142                          0.000  0.000  0.000  0.000 
                                             [ MATL  100 ]    170      - A - - -
    ML   358   357 3   360     3     1     1   150   311  -8.604  -0.026  -6.011                          1.851 -3.229 -2.897 -2.730 
     D   359   357 3   360     3     0     0   147   308  -6.560  -2.073  -0.412                         
    IL   360   360 3   360     3     1     1   151   311  -1.442  -0.798  -4.142                          0.000  0.000  0.000  0.000 
                                             [ MATL  101 ]    171      - U - - -
    ML   361   360 3   363     3     1     1   149   310  -8.591  -0.013  -7.245                         -2.216 -1.804 -2.967  1.753 
     D   362   360 3   363     3     0     0   146   307  -6.696  -2.209  -0.369                         
    IL   363   363 3   363     3     1     1   150   310  -1.442  -0.798  -4.142                          0.000  0.000  0.000  0.000 
                                             [ MATL  102 ]    172      - U - - -
    ML   364   363 3   366     3     1     1   148   309  -8.591  -0.013  -7.245                         -1.498 -1.583 -2.462  1.647 
     D   365   363 3   366     3     0     0   145   306  -6.696  -2.209  -0.369                         
    IL   366   366 3   366     3     1     1   149   309  -1.442  -0.798  -4.142                          0.000  0.000  0.000  0.000 
                                             [ MATL  103 ]    173      - U - - -
    ML   367   366 3   369     3     1     1   147   308  -8.591  -0.037  -5.452                         -1.716 -1.916 -2.692  1.712 
     D   368   366 3   369     3     0     0   144   305  -6.696  -2.209  -0.369                         
    IL   369   369 3   369     3     1     1   148   309  -1.442  -0.798  -4.142                          0.000  0.000  0.000  0.000 
                                             [ MATL  104 ]    174      - U - - -
    ML   370   369 3   372     3     1     1   146   307  -8.568  -0.014  -7.222                         -1.461 -0.257 -2.236  1.371 
     D   371   369 3   372     3     0     0   143   304  -6.912  -2.425  -0.312                         
    IL   372   372 3   372     3     1     1   147   308  -1.442  -0.798  -4.142                          0.000  0.000  0.000  0.000 
                                             [ MATL  105 ]    175      - U - - -
    ML   373   372 3   375     3     1     1   145   306  -8.568  -0.014  -7.222                         -1.988 -2.044 -2.869  1.752 
     D   374   372 3   375     3     0     0   142   303  -6.912  -2.425  -0.312                         
    IL   375   375 3   375     3     1     1   146   307  -1.442  -0.798  -4.142                          0.000  0.000  0.000  0.000 
                                             [ MATL  106 ]    176      - G - - -
    ML   376   375 3   378     3     1     1   144   305  -8.568  -0.066  -4.572                         -1.576 -2.735  1.708 -2.013 
     D   377   375 3   378     3     0     0   142   302  -6.912  -1.620  -0.586                         
    IL   378   378 3   378     3     1     1   145   306  -1.442  -0.798  -4.142                          0.000  0.000  0.000  0.000 
                                             [ MATL  107 ]    177      - g - - -
    ML   379   378 3   381     3     1     1   144   304  -8.540  -0.014  -7.194                          0.432 -1.161  0.520 -0.377 
     D   380   378 3   381     3     0     0   141   301  -7.124  -2.637  -0.265                         
    IL   381   381 3   381     3     1     1   144   305  -1.442  -0.798  -4.142                          0.000  0.000  0.000  0.000 
                                             [ MATL  108 ]    178      - A - - -
    ML   382   381 3   384     3     1     1   143   303  -8.540  -0.014  -7.194                          1.135 -0.488 -1.210 -0.603 
     D   383   381 3   384     3     0     0   140   301  -7.124  -1.260  -0.798                         
    IL   384   384 3   384     3     1     1   143   304  -1.442  -0.798  -4.142                          0.000  0.000  0.000  0.000 
                                             [ MATL  109 ]    179      - a - - -
    ML   385   384 3   387     3     1     1   142   302  -8.591  -0.073  -4.415                          0.903 -0.735 -0.297 -0.482 
     D   386   384 3   387     3     0     0   139   299  -6.696  -2.209  -0.369                         
    IL   387   387 3   387     3     1     1   142   303  -1.442  -0.798  -4.142                          0.000  0.000  0.000  0.000 
                                             [ MATL  110 ]    180      - a - - -
    ML   388   387 3   390     5     1     1   141   301  -7.600  -0.275  -2.641  -7.628  -8.519          0.181 -0.341  0.109 -0.001 
     D   389   387 3   390     5     0     0   138   298  -5.609  -0.910  -3.764  -3.246  -1.898         
    IL   390   390 3   390     5     1     1   141   302  -2.408  -0.496  -4.087  -5.920  -5.193          0.000  0.000  0.000  0.000 
                                             [ MATP  111 ]    181    257 c g - -
    MP   391   390 3   395     6     2     2   140   301  -9.265  -9.204  -0.019  -7.981  -8.261  -8.656 -1.752 -1.982 -1.925  1.203 -1.683 -2.260  1.853 -2.318 -1.819  1.444 -2.644 -0.416  1.576 -2.084 -0.005 -1.239 
    ML   392   390 3   395     6     1     1   137   298  -7.536  -7.883  -1.910  -0.625  -5.575  -4.185  0.700 -0.321 -0.684 -0.071 
    MR   393   390 3   395     6     1     1   137   297  -6.988  -5.717  -1.625  -5.695  -0.829  -3.908  0.368 -0.385 -0.191  0.094 
     D   394   390 3   395     6     0     0   130   291  -9.458  -8.157  -3.954  -4.636  -4.653  -0.234 
    IL   395   395 5   395     6     1     1   139   300  -2.579  -2.842  -0.760  -4.497  -5.274  -4.934  0.000  0.000  0.000  0.000 
    IR   396   396 6   396     5     1     1   139   300  -2.408  -0.496  -5.920  -4.087  -5.193          0.000  0.000  0.000  0.000 
                                             [ MATP  112 ]    182    256 c g - -
    MP   397   396 6   401     6     2     2   138   299  -9.289  -9.228  -0.019  -8.005  -8.284  -8.679 -3.075 -2.916 -3.163  1.090 -2.476 -3.984  2.411 -3.119 -3.162  1.482 -3.684 -0.656  1.603 -3.299 -0.253 -2.082 
    ML   398   396 6   401     6     1     1   136   296  -7.309  -7.655  -1.580  -0.694  -7.505  -5.034  0.417 -0.482 -0.481  0.302 
    MR   399   396 6   401     6     1     1   135   295  -7.037  -5.766  -1.528  -5.744  -0.878  -3.957  0.378 -0.516  0.062 -0.063 
     D   400   396 6   401     6     0     0   128   289  -9.553  -8.251  -4.048  -4.730  -4.748  -0.218 
    IL   401   401 5   401     6     1     1   137   298  -2.579  -2.842  -0.760  -4.497  -5.274  -4.934  0.000  0.000  0.000  0.000 
    IR   402   402 6   402     5     1     1   137   298  -2.408  -0.496  -5.920  -4.087  -5.193          0.000  0.000  0.000  0.000 
                                             [ MATP  113 ]    183    255 c g - -
    MP   403   402 6   407     6     2     2   136   297  -9.320  -9.260  -0.018  -8.036  -8.316  -8.711 -2.417 -2.664 -2.756  1.056 -1.968 -3.600  2.210 -2.827 -2.767  0.925 -3.317 -0.879  2.046 -2.906 -0.093 -1.212 
    ML   404   402 6   407     6     1     1   134   295  -7.090  -7.436  -1.694  -0.653  -7.286  -4.815  0.181 -0.148 -0.741  0.450 
    MR   405   402 6   407     6     1     1   132   292  -6.988  -5.717  -1.625  -5.695  -0.829  -3.908  0.368 -0.385 -0.191  0.094 
     D   406   402 6   407     6     0     0   126   287  -9.553  -8.251  -4.048  -4.730  -4.748  -0.218 
    IL   407   407 5   407     6     1     1   135   296  -2.579  -2.842  -0.760  -4.497  -5.274  -4.934  0.000  0.000  0.000  0.000 
    IR   408   408 6   408     5     1     1   135   296  -2.408  -0.496  -5.920  -4.087  -5.193          0.000  0.000  0.000  0.000 
                                             [ MATP  114 ]    184    254 c g - -
    MP   409   408 6   413     4     2     2   134   295  -7.480  -7.687  -0.037  -6.101                 -1.680 -1.728 -2.091  1.185 -1.912 -2.938  2.015 -2.368 -1.885  0.926 -2.708 -0.379  1.711 -2.232  0.087 -0.722 
    ML   410   408 6   413     4     1     1   133   293  -4.320  -4.503  -0.323  -3.232                  0.355 -0.388 -0.578  0.364 
    MR   411   408 6   413     4     1     1   128   289  -4.809  -3.838  -1.706  -0.766                  0.368 -0.385 -0.191  0.094 
     D   412   408 6   413     4     0     0   124   285  -5.044  -4.725  -2.741  -0.354                 
    IL   413   413 5   413     4     1     1   134   294  -1.686  -2.369  -1.117  -4.855                  0.000  0.000  0.000  0.000 
    IR   414   414 6   414     3     1     1   133   294  -1.442  -0.798  -4.142                          0.000  0.000  0.000  0.000 
                                             [ MATL  115 ]    185      - u - - -
    ML   415   414 6   417     3     1     1   132   293  -8.579  -0.013  -7.233                         -0.272 -0.014 -0.777  0.676 
     D   416   414 6   417     3     0     0   119   279  -6.811  -2.324  -0.337                         
    IL   417   417 3   417     3     1     1   132   293  -1.442  -0.798  -4.142                          0.000  0.000  0.000  0.000 
                                             [ MATL  116 ]    186      - a - - -
    ML   418   417 3   420     3     1     1   131   292  -2.048  -0.572  -3.550                          0.412 -0.171 -0.808  0.275 
     D   419   417 3   420     3     0     0   102   262  -6.811  -2.324  -0.337                         
    IL   420   420 3   420     3     1     1   143   303  -0.165  -3.476  -5.762                          0.000  0.000  0.000  0.000 
                                             [ MATL  117 ]    252      - a - - -
    ML   421   420 3   423     3     1     1    13    31  -8.372  -0.056  -4.826                          0.544 -0.217 -0.770  0.131 
     D   422   420 3   423     3     0     0    12    30  -7.960  -2.085  -0.395                         
    IL   423   423 3   423     3     1     1    18    36  -1.442  -0.798  -4.142                          0.000  0.000  0.000  0.000 
                                             [ MATL  118 ]    253      - a - - -
    ML   424   423 3   426     2     1     1     1     1       *   0.000                                  0.446 -0.785 -0.002  0.082 
     D   425   423 3   426     2     0     0     0     0       *   0.000                                 
    IL   426   426 3   426     2     1     1    13    28  -1.823  -0.479                                  0.000  0.000  0.000  0.000 
                                             [ END   119 ]      -      - - - - -
     E   427   426 3    -1     0     0     0     0     0                                                 
//
HMMER3/f [3.3.2 | Nov 2020]
NAME  U4
ACC   RF00015
DESC  U4 spliceosomal RNA
LENG  138
MAXL  361
ALPH  RNA
RF    no
MM    no
CONS  yes
CS    yes
MAP   yes
DATE  Fri Oct 21 14:56:13 2022
COM   [1] /hps/software/users/agb/rfam/bin/cmbuild -F CM SEED
NSEQ  177
EFFN  4.275375
CKSUM 3505668857
STATS LOCAL MSV       -9.7954  0.71795
STATS LOCAL VITERBI  -11.2520  0.71795
STATS LOCAL FORWARD   -3.5407  0.71795
HMM          A        C        G        U   
            m->m     m->i     m->d     i->m     i->i     d->m     d->d
  COMPO   1.36082  1.54591  1.41283  1.24834
          1.38629  1.38629  1.38629  1.38629
          0.02979  4.34012  4.11578  1.46634  0.26236  0.00000        *
      1   0.35591  2.62392  2.03577  2.33962      1 A - - :
          1.38629  1.38629  1.38629  1.38629
          0.02650  4.33684  4.33684  1.46634  0.26236  1.17912  0.36752
      2   1.85258  2.20470  1.55161  0.65205      2 U - - :
          1.38629  1.38629  1.38629  1.38629
          0.02650  4.33684  4.33684  1.46634  0.26236  0.95477  0.48597
      3   2.68427  0.26810  3.38299  2.01774      3 C - - :
          1.38629  1.38629  1.38629  1.38629
          0.02642  4.34012  4.34012  1.46634  0.26236  1.09861  0.40547
      4   2.12012  0.96952  2.75136  0.82811      4 u - - :
          1.38629  1.38629  1.38629  1.38629
          0.02619  4.34867  4.34867  1.46634  0.26236  1.09861  0.40547
      5   2.13844  2.34990  2.62478  0.33641      5 U - - :
          1.38629  1.38629  1.38629  1.38629
          0.02619  4.34867  4.34867  1.46634  0.26236  1.09861  0.40547
      6   1.78037  2.26046  2.44865  0.44518      6 U - - :
          1.38629  1.38629  1.38629  1.38629
          0.02619  4.34867  4.34867  1.46634  0.26236  1.09861  0.40547
      7   1.64992  3.20069  0.34483  2.83255      7 G - - :
          1.38629  1.38629  1.38629  1.38629
          0.02619  4.34867  4.34867  1.46634  0.26236  1.09861  0.40547
      8   2.05232  0.89203  2.72805  0.92535      8 c - - :
          1.38629  1.38629  1.38629  1.38629
          0.02594  4.35794  4.35794  1.46634  0.26236  1.09861  0.40547
      9   2.58172  3.69103  0.15195  3.20946      9 G - - :
          1.38629  1.38629  1.38629  1.38629
          0.02594  4.35794  4.35794  1.46634  0.26236  1.09861  0.40547
     10   2.50365  0.31866  2.65959  2.11102     10 C - - :
          1.38629  1.38629  1.38629  1.38629
          0.22506  1.66745  4.35794  0.13057  2.10040  1.09861  0.40547
     11   0.50981  2.41169  2.34075  1.54425     12 A - - :
          1.38629  1.38629  1.38629  1.38629
          0.02594  4.35794  4.35794  1.46634  0.26236  1.09861  0.40547
     12   1.75496  1.64781  0.73125  1.87530     13 g - - :
          1.38629  1.38629  1.38629  1.38629
          0.02594  4.35794  4.35794  1.46634  0.26236  1.09861  0.40547
     13   1.89494  2.50090  0.59756  1.52552     14 G - - :
          1.38629  1.38629  1.38629  1.38629
          0.03702  4.35794  3.74908  1.46634  0.26236  1.09861  0.40547
     14   3.05022  4.03364  0.09963  3.51431     15 G - - :
          1.38629  1.38629  1.38629  1.38629
          0.02623  4.34714  4.34714  1.46634  0.26236  1.34504  0.30182
     15   2.57037  3.22760  0.19617  2.78115     16 G - - :
          1.38629  1.38629  1.38629  1.38629
          0.02623  4.34714  4.34714  1.46634  0.26236  1.34504  0.30182
     16   1.71293  0.71525  2.65247  1.34662     17 c - - :
          1.38629  1.38629  1.38629  1.38629
          0.02623  4.34714  4.34714  1.46634  0.26236  0.73618  0.65189
     17   0.56157  2.22720  1.91355  1.74697     18 A - - :
          1.38629  1.38629  1.38629  1.38629
          0.02594  4.35794  4.35794  1.46634  0.26236  1.09861  0.40547
     18   1.00462  2.11245  1.42797  1.29798     19 a - - :
          1.38629  1.38629  1.38629  1.38629
          0.05550  3.30712  4.05318  0.59499  0.80200  1.09861  0.40547
     19   2.35523  2.40693  2.88468  0.27554     21 U - - :
          1.38629  1.38629  1.38629  1.38629
          0.02606  4.35336  4.35336  1.46634  0.26236  0.90608  0.51769
     20   1.03451  1.78674  1.24543  1.66454     22 a - - <
          1.38629  1.38629  1.38629  1.38629
          0.02594  4.35794  4.35794  1.46634  0.26236  1.09861  0.40547
     21   1.83738  1.05087  1.86160  1.09151     23 c - - <
          1.38629  1.38629  1.38629  1.38629
          0.02594  4.35794  4.35794  1.46634  0.26236  1.09861  0.40547
     22   1.93050  1.03697  1.41136  1.36029     24 c - - <
          1.38629  1.38629  1.38629  1.38629
          0.02594  4.35794  4.35794  1.46634  0.26236  1.09861  0.40547
     23   1.88024  1.40849  0.94116  1.54759     25 g - - <
          1.38629  1.38629  1.38629  1.38629
          0.02594  4.35794  4.35794  1.46634  0.26236  1.09861  0.40547
     24   1.69149  1.31850  1.64249  1.03642     26 u - - <
          1.38629  1.38629  1.38629  1.38629
          0.09491  4.35794  2.55437  1.46634  0.26236  1.09861  0.40547
     25   0.99216  1.99880  2.13254  0.98032     27 u - - -
          1.38629  1.38629  1.38629  1.38629
          0.02777  4.29079  4.29079  1.46634  0.26236  0.28474  1.39516
     26   1.35877  2.15083  0.75715  1.84748     28 g - - <
          1.38629  1.38629  1.38629  1.38629
          0.02594  4.35794  4.35794  1.46634  0.26236  1.09861  0.40547
     27   2.06453  0.90702  2.01843  1.08906     29 c - - <
          1.38629  1.38629  1.38629  1.38629
          0.02594  4.35794  4.35794  1.46634  0.26236  1.09861  0.40547
     28   1.96632  0.74429  1.94270  1.42029     30 c - - <
          1.38629  1.38629  1.38629  1.38629
          0.02594  4.35794  4.35794  1.46634  0.26236  1.09861  0.40547
     29   0.43452  2.35534  2.19691  1.92128     31 A - - -
          1.38629  1.38629  1.38629  1.38629
          0.02594  4.35794  4.35794  1.46634  0.26236  1.09861  0.40547
     30   1.01821  2.64007  0.80409  2.12105     32 g - - -
          1.38629  1.38629  1.38629  1.38629
          0.02594  4.35794  4.35794  1.46634  0.26236  1.09861  0.40547
     31   3.32585  3.17517  3.86354  0.10394     33 U - - -
          1.38629  1.38629  1.38629  1.38629
          0.02594  4.35794  4.35794  1.46634  0.26236  1.09861  0.40547
     32   3.13445  4.20881  0.08454  3.78624     34 G - - -
          1.38629  1.38629  1.38629  1.38629
          0.02594  4.35794  4.35794  1.46634  0.26236  1.09861  0.40547
     33   0.07056  3.98216  3.64213  3.75969     35 A - - -
          1.38629  1.38629  1.38629  1.38629
          0.02594  4.35794  4.35794  1.46634  0.26236  1.09861  0.40547
     34   1.56345  1.75963  0.75731  1.90010     36 g - - <
          1.38629  1.38629  1.38629  1.38629
          0.02594  4.35794  4.35794  1.46634  0.26236  1.09861  0.40547
     35   2.38739  3.10761  0.20701  2.98751     37 G - - <
          1.38629  1.38629  1.38629  1.38629
          0.02594  4.35794  4.35794  1.46634  0.26236  1.09861  0.40547
     36   1.41435  1.50538  1.55853  1.12535     38 u - - <
          1.38629  1.38629  1.38629  1.38629
          0.02594  4.35794  4.35794  1.46634  0.26236  1.09861  0.40547
     37   1.70964  1.61442  2.01300  0.72057     39 u - - _
          1.38629  1.38629  1.38629  1.38629
          0.02594  4.35794  4.35794  1.46634  0.26236  1.09861  0.40547
     38   1.44344  1.59046  2.32649  0.77129     40 u - - _
          1.38629  1.38629  1.38629  1.38629
          0.06866  4.35794  2.92713  1.46634  0.26236  1.09861  0.40547
     39   1.09094  1.30286  2.29233  1.23336     41 a - - _
          1.38629  1.38629  1.38629  1.38629
          0.50842  0.95397  4.31634  0.14299  2.01562  0.39085  1.12850
     40   1.35026  1.76934  1.31917  1.19394     44 u - - >
          1.38629  1.38629  1.38629  1.38629
          0.02594  4.35794  4.35794  1.46634  0.26236  1.09861  0.40547
     41   3.20188  0.23527  2.94872  2.14942     45 C - - >
          1.38629  1.38629  1.38629  1.38629
          0.02594  4.35794  4.35794  1.46634  0.26236  1.09861  0.40547
     42   2.09539  0.85429  1.61214  1.37860     46 c - - >
          1.38629  1.38629  1.38629  1.38629
          0.02594  4.35794  4.35794  1.46634  0.26236  1.09861  0.40547
     43   3.10911  4.09679  0.09322  3.58476     47 G - - -
          1.38629  1.38629  1.38629  1.38629
          0.02594  4.35794  4.35794  1.46634  0.26236  1.09861  0.40547
     44   0.07056  3.98216  3.64213  3.75969     48 A - - -
          1.38629  1.38629  1.38629  1.38629
          0.02594  4.35794  4.35794  1.46634  0.26236  1.09861  0.40547
     45   1.73174  2.18703  0.62617  1.73648     49 G - - >
          1.38629  1.38629  1.38629  1.38629
          0.02594  4.35794  4.35794  1.46634  0.26236  1.09861  0.40547
     46   1.24480  2.18808  0.80548  1.87736     50 g - - >
          1.38629  1.38629  1.38629  1.38629
          0.02594  4.35794  4.35794  1.46634  0.26236  1.09861  0.40547
     47   2.17749  0.84239  1.93510  1.16609     51 c - - >
          1.38629  1.38629  1.38629  1.38629
          0.02594  4.35794  4.35794  1.46634  0.26236  1.09861  0.40547
     48   1.50061  1.78515  0.92613  1.54575     52 g - - >
          1.38629  1.38629  1.38629  1.38629
          0.02594  4.35794  4.35794  1.46634  0.26236  1.09861  0.40547
     49   1.72870  1.05605  1.29104  1.61106     53 c - - >
          1.38629  1.38629  1.38629  1.38629
          0.02594  4.35794  4.35794  1.46634  0.26236  1.09861  0.40547
     50   1.57516  1.71071  0.91770  1.54716     54 g - - >
          1.38629  1.38629  1.38629  1.38629
          0.02594  4.35794  4.35794  1.46634  0.26236  1.09861  0.40547
     51   1.19722  2.02999  0.96114  1.69188     55 g - - >
          1.38629  1.38629  1.38629  1.38629
          0.03395  4.35794  3.88383  1.46634  0.26236  1.09861  0.40547
     52   1.83820  1.37300  1.63245  0.93624     56 u - - >
          1.38629  1.38629  1.38629  1.38629
          0.03455  4.35014  3.86049  1.46634  0.26236  0.80865  0.58961
     53   1.88320  2.17947  2.19846  0.47189     57 U - - ,
          1.38629  1.38629  1.38629  1.38629
          0.02616  4.34981  4.34981  1.46634  0.26236  0.80007  0.59656
     54   0.67122  2.32553  2.42486  1.19503     58 A - - ,
          1.38629  1.38629  1.38629  1.38629
          0.06044  3.08242  4.35794  0.58191  0.81833  1.09861  0.40547
     55   2.70254  2.59139  3.09567  0.20726     61 U - - ,
          1.38629  1.38629  1.38629  1.38629
          0.02594  4.35794  4.35794  1.46634  0.26236  1.09861  0.40547
     56   3.32585  3.17517  3.86354  0.10394     62 U - - ,
          1.38629  1.38629  1.38629  1.38629
          0.02594  4.35794  4.35794  1.46634  0.26236  1.09861  0.40547
     57   3.42227  4.38065  0.06690  3.93434     63 G - - ,
          1.38629  1.38629  1.38629  1.38629
          0.02594  4.35794  4.35794  1.46634  0.26236  1.09861  0.40547
     58   3.72173  0.08616  4.25767  3.11898     64 C - - ,
          1.38629  1.38629  1.38629  1.38629
          0.02594  4.35794  4.35794  1.46634  0.26236  1.09861  0.40547
     59   3.11325  2.87395  3.63866  0.13607     65 U - - ,
          1.38629  1.38629  1.38629  1.38629
          0.02594  4.35794  4.35794  1.46634  0.26236  1.09861  0.40547
     60   0.56319  2.81656  1.26389  2.42765     66 A - - ,
          1.38629  1.38629  1.38629  1.38629
          0.02594  4.35794  4.35794  1.46634  0.26236  1.09861  0.40547
     61   1.39590  2.98862  0.46794  2.58041     67 G - - ,
          1.38629  1.38629  1.38629  1.38629
          0.03702  3.74908  4.35794  0.87150  0.54184  1.09861  0.40547
     62   3.32585  3.17517  3.86354  0.10394     69 U - - ,
          1.38629  1.38629  1.38629  1.38629
          0.02594  4.35794  4.35794  1.46634  0.26236  1.09861  0.40547
     63   2.57655  2.64079  3.04937  0.21658     70 U - - ,
          1.38629  1.38629  1.38629  1.38629
          0.02594  4.35794  4.35794  1.46634  0.26236  1.09861  0.40547
     64   2.72217  3.58884  0.16048  2.90223     71 G - - ,
          1.38629  1.38629  1.38629  1.38629
          0.03536  4.35794  3.81966  1.46634  0.26236  1.09861  0.40547
     65   0.26616  2.43108  2.66932  2.57118     72 A - - ,
          1.38629  1.38629  1.38629  1.38629
          0.02619  4.34876  4.34876  1.46634  0.26236  1.31185  0.31378
     66   0.07178  3.96570  3.62682  3.74186     73 A - - ,
          1.38629  1.38629  1.38629  1.38629
          0.02626  4.34600  4.34600  1.46634  0.26236  1.31185  0.31378
     67   0.09840  3.66890  3.43742  3.32261     74 A - - ,
          1.38629  1.38629  1.38629  1.38629
          0.02626  4.34600  4.34600  1.46634  0.26236  1.31185  0.31378
     68   0.22859  2.96606  2.94509  2.30017     75 A - - ,
          1.38629  1.38629  1.38629  1.38629
          0.03747  4.34600  3.73714  1.46634  0.26236  1.31185  0.31378
     69   2.23746  0.41660  3.04181  1.68073     76 C - - ,
          1.38629  1.38629  1.38629  1.38629
          0.02655  4.33508  4.33508  1.46634  0.26236  1.51543  0.24809
     70   2.21191  2.58911  3.05901  0.26333     77 U - - ,
          1.38629  1.38629  1.38629  1.38629
          0.02655  4.33508  4.33508  1.46634  0.26236  1.51543  0.24809
     71   0.67374  2.26055  2.14918  1.31182     78 A - - ,
          1.38629  1.38629  1.38629  1.38629
          0.02655  4.33508  4.33508  1.46634  0.26236  1.51543  0.24809
     72   1.46860  1.28230  2.25875  0.94708     79 u - - ,
          1.38629  1.38629  1.38629  1.38629
          0.02655  4.33508  4.33508  1.46634  0.26236  0.57880  0.82228
     73   1.09945  1.86393  2.17862  0.91958     80 u - - ,
          1.38629  1.38629  1.38629  1.38629
          0.29695  1.41026  4.35520  0.88995  0.52878  1.09861  0.40547
     74   1.50396  0.99246  2.25645  1.19611     87 c - - ,
          1.38629  1.38629  1.38629  1.38629
          0.14819  4.35520  2.08027  1.46634  0.26236  1.09861  0.40547
     75   1.87703  0.57850  2.73316  1.50866     88 C - - ,
          1.38629  1.38629  1.38629  1.38629
          0.02935  4.23635  4.23635  1.46634  0.26236  0.25560  1.48921
     76   1.74101  0.81571  2.60801  1.17556     89 c - - ,
          1.38629  1.38629  1.38629  1.38629
          0.02926  4.34688  4.14233  1.46634  0.26236  1.29338  0.32068
     77   0.77181  2.25168  1.36459  1.73095     90 a - - ,
          1.38629  1.38629  1.38629  1.38629
          0.02631  4.34394  4.34394  1.46634  0.26236  0.72674  0.66064
     78   0.27898  2.80522  2.61361  2.21016     91 A - - ,
          1.38629  1.38629  1.38629  1.38629
          0.04923  4.35520  3.34678  1.46634  0.26236  1.09861  0.40547
     79   1.52032  1.31866  2.07986  0.94439     92 u - - ,
          1.38629  1.38629  1.38629  1.38629
          0.22626  4.33259  1.66415  1.46634  0.26236  1.55630  0.23688
     80   0.97959  1.52095  1.93787  1.33933     93 a - - ,
          1.38629  1.38629  1.38629  1.38629
          0.42332  1.11113  4.13874  0.19409  1.73491  0.16182  1.90108
     81   1.77231  0.60899  2.19988  1.74100     97 C - - ,
          1.38629  1.38629  1.38629  1.38629
          0.02626  4.34600  4.34600  1.46634  0.26236  0.77358  0.61870
     82   1.50919  1.02971  1.59758  1.51679     98 c - - ,
          1.38629  1.38629  1.38629  1.38629
          0.03737  4.35520  3.73621  1.46634  0.26236  1.09861  0.40547
     83   2.61381  0.25688  3.23234  2.17317     99 C - - ,
          1.38629  1.38629  1.38629  1.38629
          0.02631  4.34413  4.34413  1.46634  0.26236  0.73091  0.65676
     84   1.82423  1.67971  0.98393  1.27873    100 g - - <
          1.38629  1.38629  1.38629  1.38629
          0.02602  4.35520  4.35520  1.46634  0.26236  1.09861  0.40547
     85   2.06186  0.92352  1.75107  1.19708    101 c - - <
          1.38629  1.38629  1.38629  1.38629
          0.07531  4.35520  2.81841  1.46634  0.26236  1.09861  0.40547
     86   1.82723  0.96309  1.63585  1.33696    102 c - - <
          1.38629  1.38629  1.38629  1.38629
          0.20360  1.98011  3.07570  0.30138  1.34630  0.35777  1.20141
     87   1.39358  1.50483  1.55166  1.14613    105 u - - <
          1.38629  1.38629  1.38629  1.38629
          0.03587  4.32355  3.81773  1.46634  0.26236  1.08334  0.41319
     88   1.56550  1.49617  1.37234  1.15990    106 u - - <
          1.38629  1.38629  1.38629  1.38629
          0.03055  4.08219  4.32591  1.18880  0.36325  1.04951  0.43095
     89   1.45597  1.51978  1.27339  1.31608    108 g - - <
          1.38629  1.38629  1.38629  1.38629
          0.02650  4.33692  4.33692  1.46634  0.26236  0.92308  0.50633
     90   1.52745  1.49118  1.51079  1.08747    109 u - - <
          1.38629  1.38629  1.38629  1.38629
          0.02624  4.34671  4.34671  1.46634  0.26236  0.79119  0.60386
     91   1.63011  1.44189  1.10467  1.44270    110 g - - <
          1.38629  1.38629  1.38629  1.38629
          0.05779  3.86555  3.34678  0.96459  0.47987  1.09861  0.40547
     92   1.54246  1.58481  1.08263  1.41694    112 g - - <
          1.38629  1.38629  1.38629  1.38629
          0.02662  4.33259  4.33259  1.46634  0.26236  0.54788  0.86316
     93   1.60662  1.28436  1.52741  1.18577    113 u - - <
          1.38629  1.38629  1.38629  1.38629
          0.02602  4.35520  4.35520  1.46634  0.26236  1.09861  0.40547
     94   1.84167  1.05219  1.47232  1.33604    114 c - - <
          1.38629  1.38629  1.38629  1.38629
          0.23145  4.34688  1.64158  1.46634  0.26236  1.09861  0.40547
     95   1.54462  1.50355  1.54718  1.04577    115 u - - <
          1.38629  1.38629  1.38629  1.38629
          0.03703  4.14755  3.88488  1.46634  0.26236  2.83079  0.06078
     96   1.53230  1.43773  1.45332  1.16251    116 u - - <
          1.38629  1.38629  1.38629  1.38629
          0.42330  1.58123  1.97043  2.57336  0.07935  0.32980  1.26965
     97   1.42338  1.68064  1.70090  0.94077    145 u - - _
          1.38629  1.38629  1.38629  1.38629
          0.04640  4.19885  3.49567  1.46634  0.26236  0.44264  1.02816
     98   1.10305  1.89418  2.21298  0.89569    146 u - - _
          1.38629  1.38629  1.38629  1.38629
          0.02765  4.29515  4.29515  1.46634  0.26236  1.05441  0.42832
     99   1.11364  1.18297  2.27653  1.33701    147 a - - _
          1.38629  1.38629  1.38629  1.38629
          0.02712  4.31408  4.31408  1.46634  0.26236  0.77682  0.61594
    100   0.98032  1.99528  1.35599  1.46473    148 a - - _
          1.38629  1.38629  1.38629  1.38629
          0.44879  1.82304  1.60911  0.43557  1.04098  0.70161  0.68476
    101   1.42653  1.66266  1.24533  1.26450    151 g - - >
          1.38629  1.38629  1.38629  1.38629
          0.03227  4.14279  4.14279  1.46634  0.26236  2.58568  0.07833
    102   1.28884  1.68961  1.21536  1.41381    152 g - - >
          1.38629  1.38629  1.38629  1.38629
          0.20583  1.77064  4.14755  0.20366  1.69140  0.12549  2.13764
    103   1.54701  1.66327  0.92429  1.60553    155 g - - >
          1.38629  1.38629  1.38629  1.38629
          0.02624  4.34688  4.34688  1.46634  0.26236  1.09861  0.40547
    104   1.39136  1.67057  1.11706  1.44441    156 g - - >
          1.38629  1.38629  1.38629  1.38629
          0.03529  4.33605  3.83552  1.46634  0.26236  1.09861  0.40547
    105   1.63223  1.31085  1.44671  1.20539    157 u - - >
          1.38629  1.38629  1.38629  1.38629
          0.02676  4.32751  4.32751  1.46634  0.26236  0.79409  0.60147
    106   1.71611  1.27512  1.24099  1.37935    158 g - - >
          1.38629  1.38629  1.38629  1.38629
          0.02653  4.33605  4.33605  1.46634  0.26236  1.09861  0.40547
    107   1.44593  1.71077  1.07806  1.41268    159 g - - >
          1.38629  1.38629  1.38629  1.38629
          0.06684  3.34745  3.52386  0.62825  0.76255  1.09861  0.40547
    108   1.60843  1.39838  1.22504  1.35071    161 g - - >
          1.38629  1.38629  1.38629  1.38629
          0.03849  4.31951  3.71115  1.46634  0.26236  0.94176  0.49420
    109   1.36368  1.52121  1.31215  1.36026    162 g - - >
          1.38629  1.38629  1.38629  1.38629
          0.03610  4.31713  3.81130  1.46634  0.26236  1.48883  0.25571
    110   1.42064  1.71029  1.30194  1.18540    163 u - - >
          1.38629  1.38629  1.38629  1.38629
          0.43594  2.99602  1.19284  0.47212  0.97732  0.81514  0.58443
    111   1.31168  1.57801  2.06445  0.92291    165 u - - -
          1.38629  1.38629  1.38629  1.38629
          0.09100  3.98942  2.68128  1.46634  0.26236  0.26414  1.46046
    112   1.52899  1.83671  0.84297  1.64261    166 g - - >
          1.38629  1.38629  1.38629  1.38629
          0.05235  4.24583  3.30566  1.46634  0.26236  2.26083  0.11011
    113   1.58857  1.89631  0.72685  1.81872    167 g - - >
          1.38629  1.38629  1.38629  1.38629
          0.02974  4.22323  4.22323  1.46634  0.26236  0.19766  1.71843
    114   1.89309  1.03673  1.20373  1.63623    168 c - - >
          1.38629  1.38629  1.38629  1.38629
          0.02653  4.33605  4.33605  1.46634  0.26236  1.09861  0.40547
    115   0.19166  2.88073  2.99683  2.68272    169 A - - ,
          1.38629  1.38629  1.38629  1.38629
          0.02653  4.33605  4.33605  1.46634  0.26236  1.09861  0.40547
    116   0.10034  3.65021  3.42004  3.30303    170 A - - ,
          1.38629  1.38629  1.38629  1.38629
          0.02678  4.32667  4.32667  1.46634  0.26236  1.09861  0.40547
    117   2.94657  2.65161  3.46718  0.16755    171 U - - ,
          1.38629  1.38629  1.38629  1.38629
          0.02678  4.32667  4.32667  1.46634  0.26236  1.09861  0.40547
    118   2.44056  2.49848  3.11316  0.24052    172 U - - ,
          1.38629  1.38629  1.38629  1.38629
          0.02678  4.32667  4.32667  1.46634  0.26236  1.09861  0.40547
    119   2.59290  2.73304  3.27423  0.19561    173 U - - ,
          1.38629  1.38629  1.38629  1.38629
          0.04430  4.32667  3.50237  1.46634  0.26236  1.09861  0.40547
    120   2.41842  1.56507  2.95648  0.43100    174 U - - ,
          1.38629  1.38629  1.38629  1.38629
          0.02725  4.30961  4.30961  1.46634  0.26236  1.45402  0.26609
    121   2.78425  2.82299  3.39847  0.16798    175 U - - ,
          1.38629  1.38629  1.38629  1.38629
          0.02725  4.30961  4.30961  1.46634  0.26236  1.45402  0.26609
    122   2.49310  3.29748  0.19939  2.79453    176 G - - ,
          1.38629  1.38629  1.38629  1.38629
          0.06577  4.30961  2.99140  1.46634  0.26236  0.62972  0.76087
    123   1.08660  2.19801  1.02155  1.65248    177 g - - ,
          1.38629  1.38629  1.38629  1.38629
          0.02780  4.28984  4.28984  1.46634  0.26236  1.74689  0.19154
    124   0.59491  1.72527  2.23382  1.81311    178 A - - ,
          1.38629  1.38629  1.38629  1.38629
          0.02780  4.28984  4.28984  1.46634  0.26236  0.42868  1.05374
    125   0.75746  1.89798  1.59266  1.72659    179 a - - ,
          1.38629  1.38629  1.38629  1.38629
          0.07079  4.32667  2.89805  1.46634  0.26236  1.09861  0.40547
    126   1.26194  1.62243  1.30855  1.38923    180 a - - ,
          1.38629  1.38629  1.38629  1.38629
          0.02797  4.28385  4.28385  1.46634  0.26236  0.39156  1.12703
    127   1.47364  1.34869  1.47015  1.26784    181 u - - <
          1.38629  1.38629  1.38629  1.38629
          0.03210  4.31793  4.00286  1.46634  0.26236  1.09861  0.40547
    128   1.74208  1.08894  1.51375  1.31607    182 c - - <
          1.38629  1.38629  1.38629  1.38629
          0.02715  4.31299  4.31299  1.46634  0.26236  0.89995  0.52187
    129   1.77441  1.16303  1.79712  1.04384    183 u - - <
          1.38629  1.38629  1.38629  1.38629
          0.02702  4.31793  4.31793  1.46634  0.26236  1.09861  0.40547
    130   1.60048  1.25727  1.65408  1.13164    184 u - - <
          1.38629  1.38629  1.38629  1.38629
          0.02702  4.31793  4.31793  1.46634  0.26236  1.09861  0.40547
    131   1.57820  1.39427  1.92637  0.91638    185 u - - _
          1.38629  1.38629  1.38629  1.38629
          0.02702  4.31793  4.31793  1.46634  0.26236  1.09861  0.40547
    132   1.09977  1.50386  1.94942  1.19593    186 a - - _
          1.38629  1.38629  1.38629  1.38629
          0.44243  1.33829  2.35145  2.66456  0.07217  1.09861  0.40547
    133   1.00743  1.53630  1.92259  1.29667    252 a - - _
          1.38629  1.38629  1.38629  1.38629
          0.12162  4.23248  2.30259  1.46634  0.26236  0.96181  0.48159
    134   1.07602  1.93423  1.38593  1.33019    253 a - - _
          1.38629  1.38629  1.38629  1.38629
          0.05772  4.18197  3.19857  1.46634  0.26236  0.69751  0.68880
    135   1.35198  1.83974  1.07374  1.42426    254 g - - >
          1.38629  1.38629  1.38629  1.38629
          0.05045  4.23502  3.36036  1.46634  0.26236  2.19392  0.11820
    136   1.21633  1.95293  1.01779  1.60728    255 g - - >
          1.38629  1.38629  1.38629  1.38629
          0.07261  4.21457  2.89581  1.46634  0.26236  2.33876  0.10142
    137   1.52656  1.64983  0.92719  1.63490    256 g - - >
          1.38629  1.38629  1.38629  1.38629
          0.06157  4.16027  3.12110  1.46634  0.26236  2.57316  0.07936
    138   1.41237  1.54611  1.16135  1.46839    257 g - - >
          1.38629  1.38629  1.38629  1.38629
          0.02643  3.64628        *  1.34952  0.30025  0.00000        *
//
